[-27   1   0   0   0] [-10   2   2   0   0] [31  1  2  0  1] 
[-38   6   0   0   0] [-27  13   0   0   0] [ 9 22  0  0  0] 
[-43  -1   1   0   0] [-38  -2   0   0   0] [-11  -6   0  -1   0] 
[-41   0   0   0   0] [-36   0   1   0   0] [-5  1  0  0  0] 
[-40  -1   1   0   0] [-34  -2   1   0   0] [-3 -4  0  0  0] 
[-36  -1   0   0  -1] [-28  -2   1  -1   0] [ 8 -2  0  0 -1] 
[-35   0   0   0   0] [-25  -1   1  -1   0] [13 -1  0  0  0] 
[-35  -1   1   0   0] [-24   0   2   0   0] [15  0  1  0 -1] 
[-35   0   1   0   0] [-24   0   1   0   0] [15 -1  1  0  0] 
[-35   0   1   0   0] [-24   0   1   0   0] [17  0  1  0  0] 
[-35   0   1   0  -1] [-24   0   1   0   0] [16  0  0  0  0] 
[-35   0   1   0  -1] [-24   0   1  -1  -1] [16  0  0  0 -1] 
[-36   0   2   0   0] [-25   0   2  -1   0] [15  1  2  0  0] 
[-36   0   0   0   0] [-25   0   1   0   0] [14  0  1  0  0] 
[-35   0   1   0   0] [-24  -1   2   0   0] [14 -1  2  0  0] 
[-35   0   1   0   0] [-24   0   1   0   0] [16  0  0  0  1] 
[-35   0   1   0   0] [-24   0   1   0   0] [15  0  0  0  0] 
[-36   0   0   0   0] [-25   0   1   0   0] [14  1  0  0  0] 
[-36  -1   1   0   0] [-25  -1   2   0   0] [12  0  0  0  0] 
[-37   1   0   0   0] [-28   2   1   0   0] [7 3 0 0 0] 
[-39   1   0   0  -1] [-32   0   0   0   0] [ 0  0 -1  1  0] 
[-30  -4   2   0   0] [-17  -7   3   1   0] [ 23 -10   3   0   0] 
[-28   2   2   1   0] [-11   1   2   1   1] [32  1  1  0  0] 
[-29   0   0   0   0] [-11   0   1   0   0] [31  0  1  0  1] 
[-30   0  -1   0   1] [-13   0   1   0   0] [29  0  0  0  1] 
[-29   0   0   0   0] [-13   1   0   0   0] [27  1 -2  0  0] 
[-29  -1   2   1  -2] [-13  -3   4   1  -4] [27 -3  4  1 -4] 
[-5 -9  5 -2  6] [ 21 -10   6  -2   8] [56 -7  4 -2  7] 
[-29  17  -9   1  -9] [-14  26 -14   1 -10] [ 17  29 -16   1 -10] 
[-38  -1   0   0   1] [-29  -2   1  -1   1] [ 1 -2  1  0  1] 
[-37   0   0   0   0] [-27   0   1   0   0] [3 0 0 0 0] 
[-37   2   2  -1  -2] [-28   4   5  -2  -4] [ 3  5  7 -4 -8] 
[-29   0   0   0   0] [-13   0   1   1   0] [29  0  0  1  0] 
[-38   6   0   0   1] [-28  13   1   0   0] [10 22  1  0  0] 
[-43  -1   0   0   0] [-40  -3   0   0   0] [-12  -7   1   0   1] 
[-43   0   0   0   0] [-38   0   0   0   0] [-7  1  1  1  0] 
[-41  -1   0   0   0] [-36  -2   0   0   1] [-5 -4  1  1  0] 
[-38   0   0   0   0] [-30  -1   1   0   0] [ 6 -2  1  1  0] 
[-36   0   0   0   0] [-28  -1   1   0   0] [10 -2  2  0  0] 
[-36   0   0   0   1] [-27   0   0   0   0] [12  0  1  0  0] 
[-36   0   0   0   0] [-26   0   0   0   0] [14 -2  0  0  0] 
[-36   0   0   0   0] [-26   0   0   0   0] [15  1  0  1  0] 
[-36   1   1   0   0] [-26   0   1   0   0] [15  0  0  0  0] 
[-38   0   0   0   0] [-27   1   1   0   0] [14  0  0  1  0] 
[-38   0   0   0   0] [-29   0   0   0   0] [11  1 -1  1  0] 
[-36   1  -2   2   0] [-27   1  -1   1   0] [9 1 3 0 0] 
[-37   1   1   0  -1] [-28   0   1   0   0] [ 9 -2  2  0  1] 
[-37   1   1   0   0] [-27   0   1   0   0] [12 -1  1  0  0] 
[-37   0   0   0   0] [-26   0   1   0   0] [14  0  1  1  0] 
[-37   0   0   0   0] [-27   0   0   0   0] [13  1  1  0  0] 
[-37   0   0   0   0] [-27   0   0   0   0] [11  0  0  0  0] 
[-38   1   0   0   0] [-29   1   0   0   0] [7 4 1 0 0] 
[-39   0   0   0   0] [-32   0   0   0   0] [1 0 0 0 0] 
[-33  -3   1   1   0] [-22  -6   1   0  -1] [18 -8  2  0 -1] 
[-29  -1   1   0   1] [-15  -1   2   0   1] [26 -1  3  0  1] 
[-29   0   1   0   0] [-14   0   1   0   0] [28 -1  2  0  0] 
[-29   0   1   0   0] [-14   0   1   0   0] [27 -1  1  0  0] 
[-30   1   0   0   0] [-14   1   1   0   0] [28  1  1  0  0] 
[-32   1   1   0   0] [-17   1   2   0   0] [24  1  2  0  1] 
[-24 -14   7   1  -5] [ -4 -21  10   0  -6] [ 35 -19   9   0  -4] 
[-2 12 -7 -3 10] [21 13 -8 -3 12] [54 12 -8 -3 11] 
[-39   3  -3   1  -4] [-30   6  -4   2  -8] [  0   6  -4   3 -10] 
[-39   1   2  -1  -2] [-32   2   5  -2  -3] [-3  3  8 -3 -7] 
[-47   3   3   1   3] [-46   5   4   2   5] [-32  11  11   3  10] 
[-28   1   0   0   0] [-12   1  -1   0   0] [29  0 -1  0  0] 
[-38   7   0   0   0] [-28  14   0   0   0] [ 9 23 -1 -1  0] 
[-44  -1   0   0   0] [-41  -3   0   0   0] [-15  -7   1  -1   0] 
[-42   0   0   0   0] [-37   0  -1   0   0] [-7 -1  0 -1  0] 
[-40  -2  -1   0   1] [-35  -2   0  -1   0] [-3 -4  0 -1  0] 
[-38  -1   0   0   0] [-30  -1  -1   0   0] [ 7 -2  0 -1  0] 
[-36   0   0   0   0] [-28   0   0  -1   0] [10  0  0 -1  0] 
[-35  -1   0   0   0] [-27  -1   0   0   0] [12 -1  0  0  0] 
[-35   0   0   0  -1] [-26   0   0  -1   0] [14  0  0  0  0] 
[-34  -1  -3   2   1] [-26  -1  -2   1   1] [13  0  1  0  0] 
[-32  -2  -5   0   2] [-25  -2  -2  -1   2] [12  0  4 -2  1] 
[-26  -1  -4  -4  -1] [-20  -1  -3  -3   0] [12  0  2  1  1] 
[-19  -4  -1  -3  -1] [-13  -5  -2  -3  -1] [15 -3 -2 -2  0] 
[-10  -2   1  -2   0] [-3 -2  1 -2  0] [23 -1  0 -1  0] 
[-10   2  -4  -3   4] [-2  1 -5 -3  5] [22  0 -5 -1  3] 
[-16   5 -20  -4   3] [ -8   4 -21  -4   3] [ 21   2 -14  -1   1] 
[-34   8  -8   5  -9] [-24   7  -7   5  -9] [11  4 -1  3 -6] 
[-38   0   0   0   0] [-28  -1   1   0   0] [9 0 2 0 0] 
[-37   0   1   0   0] [-28   0   1   0   0] [10  0  2  0  0] 
[-38   1   0   0   0] [-30   1   1  -1   0] [4 3 2 0 1] 
[-40   0   0   0   0] [-33   1   0   0   0] [-1  1  1  0  0] 
[-34  -3   1   0   0] [-23  -5   0   0   0] [16 -7  0 -1  0] 
[-32  -1   1   0   0] [-19  -1   1   0   0] [20 -1  0  0 -1] 
[-31   0   0   0   0] [-16   0   1   0   0] [24 -1  1  0  1] 
[-31   1   1   0   0] [-17   0   2   0   0] [24  0  2  0 -1] 
[-32   0   1   0   0] [-18   1   1   0   1] [23  2  2  0  0] 
[-34   1   0   0   0] [-20   1   1   1   0] [19  0  1  0  0] 
[-34  -1   1   0   0] [-19  -1   1   1  -1] [20 -1  1  1 -1] 
[ -9 -19   9   0   4] [ 13 -22  12  -1   6] [ 48 -16  10   0   7] 
[-17  28 -10  -2  -3] [  1  36 -12  -3  -2] [ 31  37 -11  -4   0] 
[-48   2   2   1   2] [-46   4   3   1   4] [-34  10   9   2   8] 
[-48   0   0   0   0] [-48   0   0   0   0] [-39  -1   0   0   0] 
[-28   1   0   0   0] [-11   1   0   0   0] [31  1  0  0  0] 
[-39   7   0   0   0] [-28  14   1   0   0] [ 8 24  1  0  0] 
[-44   0   1   0   0] [-42  -2   1   0   0] [-20  -7   1   0   0] 
[-43   0   0   0   0] [-38   0   0   0   0] [-11  -1   1   0   0] 
[-42  -1   1   0   0] [-36  -2   1   0   0] [-6 -3  2  0  0] 
[-39  -1   0   0   0] [-32  -1   0   0   0] [ 3 -3  2  0  0] 
[-37   0   0   0  -1] [-29  -1   1   0   0] [ 6 -1  2  1  0] 
[-36  -1   1   0   0] [-28  -1   0   0   0] [10 -1  1  0  0] 
[-36   0   1   0  -1] [-27   1   2   0  -2] [10  3  4  0 -3] 
[-33   1   4   2   2] [-27   1   4   2   2] [4 2 4 2 2] 
[-31  -2   1   0   0] [-26  -3   0   0  -1] [ 5 -2  0  0  0] 
[-29  -1   1   0  -1] [-23  -2   1   0  -1] [ 7 -3  0  1 -1] 
[-24  -3   4   0   0] [-16  -4   3   0   0] [13 -3  2  1  0] 
[-14  -4   1  -1   0] [-6 -4  1 -1  0] [21 -3  0  0  0] 
[-6 -1  1  0  1] [ 3 -2  0  0  1] [29 -2 -1  0  0] 
[-1 -1 -2  1 -1] [ 8 -2 -1  0  0] [33 -1 -2  0  0] 
[ 0  3 -4 -2  3] [ 9  4 -4 -2  3] [33  4 -4 -2  3] 
[-21  13 -21   2  -4] [-14  13 -20   2  -5] [ 13  10 -14   3  -7] 
[-40   0   1   1   0] [-33  -1   3   0   0] [ 0 -3  7 -2  2] 
[-39   1   1   0   0] [-32   1   2   0   0] [0 2 3 0 0] 
[-41   0   0   0   0] [-34   0   1   0  -1] [-4  0  0  0 -1] 
[-33  -4   0   0   0] [-22  -7  -1   1   1] [ 17 -10  -1   0   1] 
[-32   1  -1   0  -1] [-18   2  -1   0  -1] [22  3 -2  1 -1] 
[-33  -1   3  -1   0] [-22  -1   5  -1  -1] [16 -1  6 -1 -2] 
[-33   2  -1   0   0] [-19   1   0   0   1] [21  0  0  0  2] 
[-33   1   0   0   0] [-19   0  -1   0   0] [22  1 -1  0  0] 
[-33   0   0   0   0] [-20   0   0   0   0] [19  0 -1  1 -1] 
[-33   0  -1   0   0] [-19  -1   0   0   0] [20 -1 -1  0  0] 
[-30  -5   5   0  -7] [-14  -8   7   1  -9] [25 -8  6  0 -9] 
[-37  16  16   4  13] [-29  25  24   4  17] [-7 37 34  2 18] 
[-49   0   0   0   0] [-49   0   0   0   0] [-40   0   0   0   0] 
[-49   0   0   0   0] [-48   0   0   0   0] [-40   0   1   0   0] 
[-28   1   0   0   0] [-11   2   0   0   0] [31  2  0  0  0] 
[-39   6   1   0   0] [-29  14   1   0   0] [ 7 23  0 -1  0] 
[-44  -2   0   0   0] [-42  -3   0   0   0] [-20  -8   0   0   0] 
[-43   1   0   1   0] [-38   0   0   0   0] [-12  -1  -1   0   0] 
[-42  -1   0   0   0] [-37  -2   0   0   0] [-8 -3  0  0  0] 
[-40  -1   0   0   0] [-33  -1   0   0   0] [ 1 -3 -1  0  0] 
[-38  -1   0   0   0] [-30  -1   0   0   0] [ 6 -1 -1  0  0] 
[-38   0   1   0  -1] [-29   0   0  -1  -1] [ 9  0  1 -1 -1] 
[-38   1   1   1   3] [-31   2   3   1   4] [2 4 5 1 6] 
[-36  -1  -1   1   0] [-30  -1   0   0  -1] [ 3 -1 -1  0  0] 
[-35  -1   1   0   1] [-28  -1   1   0   1] [ 5 -1  1  1  1] 
[-31  -1   0   1   0] [-24  -2   0   1   0] [ 9 -3 -1  1  0] 
[-29  -2   1   0  -1] [-21  -2   0   1  -1] [11 -2 -1  0 -1] 
[-18  -6   1   0   0] [-10  -7   0  -1   0] [21 -6 -1 -1  0] 
[-4 -1  2 -2  0] [ 4 -2  1 -1  0] [31 -1 -1 -1  0] 
[ 1 -7 -3  3  5] [ 9 -6  0  3  5] [33 -3  1  2  3] 
[12 -3 -8 -3 -1] [17 -2 -7 -2 -1] [39 -1 -6  0  0] 
[18 -1  1 -2 -4] [22 -2  0 -2 -3] [42 -2 -2 -3 -3] 
[  5  25 -16  -1  18] [  9  25 -17  -2  17] [ 28  24 -16  -2  13] 
[-42   2  -1   1  -2] [-36   1   1   1  -1] [-9 -1  5  0  0] 
[-42  -1   1   0   0] [-36  -1   1   0   0] [-8 -2  3  0  1] 
[-34  -4   0   0  -1] [-21  -8   0   0   0] [ 18 -13   0   0   0] 
[-31   1   0   0   0] [-16   2   0   0   0] [25  3  0  0  1] 
[-41   4   2   1  -2] [-34   9   3   1  -4] [-3 18  8  1 -8] 
[-34  -6   3  -1   3] [-24 -10   6  -1   4] [ 12 -15   9  -1   6] 
[-32   1   0   0   0] [-19   1   0   0   0] [23  2  1  0 -1] 
[-34   0   0   0   0] [-20   0   0   0   0] [20  0  1  0  1] 
[-33  -1  -1   0   0] [-20  -1   0   0   0] [21 -1  0  0  1] 
[-42   8   5   0   1] [-35  15   9   0   1] [-8 32 18  0 -1] 
[-49  -1   0   0   0] [-49   0   0   0   0] [-40  -1  -1   0   1] 
[-49   1   0   0   0] [-49   0   0   0   0] [-40   1   1   0   0] 
[-49   0   0   0   0] [-49   0   0   0   0] [-41   0   0   0   0] 
[-27   1  -1   0  -1] [-11   1   0   0   0] [30  2  1  0  0] 
[-38   7   0   0   0] [-29  14   0   0   0] [ 6 23  0  0  0] 
[-45  -1   0   0   0] [-42  -3   0   0   0] [-21  -7   0   0   0] 
[-42   0   0   0   0] [-38  -1   0   0  -1] [-11  -2   0   0   0] 
[-42  -1   0   0  -1] [-37  -1   0   0   0] [-8 -2  0  0  0] 
[-39  -1   0   0   0] [-32  -2   0   0   0] [ 1 -3  0  0 -1] 
[-38  -1   1   0   0] [-30  -1   0   0   0] [ 6 -1  0  1  1] 
[-39   1   1   0   1] [-32   2   1   0   1] [2 4 1 0 2] 
[-38  -1   0   0   0] [-32  -1   0   0   0] [ 0 -2  0  0  0] 
[-36   0  -1   0   1] [-31   0  -1   0   1] [ 1  0 -2  1  2] 
[-33  -1  -2   0   0] [-26  -2  -2   0   0] [ 7 -2 -3  1 -1] 
[-30   0   0   0  -1] [-21  -1   0   0  -1] [13 -1  0  0 -1] 
[-29  -1   2   0   0] [-20   0   2   0   0] [14  1  2  0 -1] 
[-21  -8   1   0   0] [-13  -7   2  -1  -1] [19 -5  3 -2 -1] 
[-2 -8 -8  0 -2] [ 5 -7 -8  1  0] [31 -6 -6  1  2] 
[12 -2  3 -1  0] [17 -1  3 -2 -1] [40 -1  2 -1 -1] 
[13  1  3  1  2] [17  0  3  1  2] [40  0  2  1  1] 
[16  0  1  1  0] [20 -1  0  1  0] [42  0  0  1  0] 
[19 -2  5  1 -3] [24 -1  3  2 -1] [44  0  1  1  0] 
[ -2  21 -26  -3  12] [  1  21 -27  -3  12] [ 20  22 -26  -1  11] 
[-42   2  -3   2  -4] [-38   1  -2   2  -4] [-14  -3   1   2  -4] 
[-33  -4   0   0   0] [-21  -9   0   0   0] [ 18 -13   1   0   0] 
[-30   0   0   0   0] [-16   1   0   0   0] [24  3  1  0  0] 
[-42   7   0   0   0] [-36  14   0   0   0] [-8 29  0  0  1] 
[-43  -5   3   0  -2] [-40 -10   5   0  -3] [-19 -22  11   1  -5] 
[-33   1   1   0   1] [-20  -2   2  -1   2] [20 -3  3 -1  4] 
[-34  -1   1   0   1] [-21   0   0   0   1] [19 -1  0  0  0] 
[-36   6   4  -1  -4] [-26  11   6  -1  -6] [  9  20  14  -2 -14] 
[-49   0   0   0   1] [-49   0   0   1   1] [-39   2   1   1   3] 
[-48   0   0   0   0] [-49   0   0   0  -1] [-39   1   0   0  -1] 
[-48   0   0   0   0] [-48   0   0   0   0] [-39   0   0   0  -1] 
[-46  -2  -2   0   1] [-47  -1  -1   0   1] [-38  -3  -3   0   1] 
[-27   1   0   0   0] [-12   1   1   0   0] [28  2  0  0  0] 
[-38   7   0   0   1] [-30  14   0   0   0] [ 6 23 -1  0  0] 
[-45  -1   0   0   0] [-43  -2   0   0   0] [-22  -7   1   0   0] 
[-43  -1   0   0   0] [-39  -1   0   0   0] [-12  -1   1   0   0] 
[-43  -1   0   0   0] [-38  -2   0   0   0] [-8 -3  0 -1  1] 
[-40  -1   0   0   0] [-34  -1   1   0   0] [ 0 -2  1  0  0] 
[-35  -1  -2   0  -1] [-25  -4  -3   0  -2] [11 -6 -3  0 -2] 
[-41  -1   0   0   0] [-36  -2   0   0   0] [-4 -2  0  0  0] 
[-38  -1   0   0   0] [-32  -1   0   0   0] [ 1 -2  0  0  0] 
[-35  -2  -1   0   0] [-28  -2  -2   0   0] [ 6 -3 -2  0  0] 
[-31  -1   1   0   0] [-23  -1   1   0  -1] [12  0  1  0 -1] 
[-32   2   2  -1  -2] [-24   1   2  -1  -2] [10  1  2 -1 -3] 
[-28  -8  -7   3   5] [-21  -7  -7   4   7] [10 -6 -5  4  8] 
[-8 -5 -4 -4 -6] [ 0 -5 -5 -4 -7] [29 -5 -6 -4 -7] 
[-1  0  5  1  0] [7 0 4 1 1] [34  0  3  1  1] 
[ 5 -2 -2 -1  0] [11 -2 -2 -1  0] [37 -1 -2  0  0] 
[12 -2  2 -1  2] [17 -2  2 -1  1] [40 -1  1 -1  0] 
[15 -2  2  0  1] [19 -1  2  0  1] [41 -1  2 -1  1] 
[15 -2  0  0  0] [20 -1  1  1  1] [41  0  0  2  1] 
[19 -3  2  0 -3] [24 -2  1  0 -1] [43 -2  1  0 -1] 
[ -8  40 -16  -3  -1] [ -5  40 -15  -2   0] [ 13  38 -14  -2  -2] 
[-35  -6   0   0   1] [-23 -10   1   0   1] [ 13 -16   2   0   2] 
[-30   0   0   0   0] [-16   1   0   0   0] [24  2 -1  0  0] 
[-41   7   0   0   0] [-35  14   0   0   0] [-8 28  0  0  0] 
[-47  -1  -1   2   2] [-47  -2  -1   2   1] [-36  -3   0   2   0] 
[-14 -16 -26   1   0] [ -8 -18 -24   4  -2] [ 16 -22 -15   8  -2] 
[ -3   3 -33  -2   1] [  5   2 -28  -1   1] [ 30   1 -16   3   0] 
[-44   9  -2   3  -3] [-42  12   0   4   0] [-27  23   7   5   6] 
[-48   0  -1   0   0] [-48   0   0   0   0] [-39  -1  -1   0  -1] 
[-48   0   0   0   0] [-48   0   0   0   0] [-40   0   0   0   0] 
[-47   0   0   0  -1] [-48   0   0   0  -1] [-39   0   0   0  -1] 
[-35 -10  -6   0  -2] [-32 -14  -9   0  -2] [-13 -24 -15   0  -2] 
[-27   1  -1   0   0] [-11   1  -1   0   0] [30  1 -1  0  0] 
[-38   7   0   0   0] [-29  15   0   0   0] [ 7 24  0  0  0] 
[-45  -1   0   0   0] [-44  -2   0   0   0] [-24  -7  -1   0   0] 
[-43   0   0   0   0] [-39  -1  -1   0   0] [-11  -2  -1   0   1] 
[-42  -1   0   0   0] [-37  -2  -1   0   0] [-8 -3 -2 -1  0] 
[-41   0   0   0   0] [-34  -1   0   0  -1] [-1 -1 -1  0 -1] 
[-30  12  -1   0  -4] [-17  14  -2   0  -6] [19 13 -2  0 -8] 
[-41  -1   0   0   0] [-36  -1   0   0  -1] [-5 -2  1  0 -2] 
[-37  -1  -1   0   0] [-31  -2  -1   0   0] [ 3 -4 -1  1  1] 
[-36   0   1   0   1] [-28   0   1   0   0] [6 0 2 1 0] 
[-35   0   1  -1  -2] [-27   0   1   0  -3] [ 8  0  0 -1 -4] 
[-28  -8  -7  -1   0] [-20  -8  -8   0   2] [13 -8 -9  0  5] 
[-15   0   2   0   0] [-5  0  2  0  0] [27 -1  2  0  0] 
[-9 -1 -1  1  0] [-1 -1 -1  1  0] [30 -1 -2  0  0] 
[-3 -3  1 -2 -2] [ 4 -3  1 -1 -2] [33 -1  1 -1 -1] 
[-1 -2  5  1 -1] [ 6 -1  5  1  0] [34  0  3  0  0] 
[ 4 -4  1 -1  2] [11 -3  0 -1  1] [37 -3 -1 -1  1] 
[ 9 -1  4  2  0] [15  0  3  1  0] [40  0  2  0 -1] 
[ 9  1  4 -3 -3] [15  1  4 -2 -2] [39  2  2 -2 -2] 
[14 -2  3  0  1] [19 -1  2  0  1] [39  0  1  0  1] 
[18  0  0 -3  5] [20  2  0 -3  5] [38  4 -1 -3  5] 
[-23  12 -17   6 -17] [-14   5 -15   4 -15] [ 18  -8 -12   4 -12] 
[-31   2   1   0   0] [-15   2   0   0   0] [26  4  0  0  0] 
[-34  -5 -13   7  12] [-28   0 -13   8  15] [ -3  13 -12   8  16] 
[ -5 -18 -18  -3  -9] [  0 -19 -21  -4 -12] [ 18 -22 -25  -6 -15] 
[14 -2  1 -3 -7] [21 -2  0 -3 -7] [41 -2 -1 -3 -6] 
[18 -6  2  2  1] [22 -4  2  2  2] [41 -3  3  3  1] 
[-32  30   0  -2   0] [-30  33   0  -1   0] [-19  38  -1  -2  -1] 
[-48   0   0   0   0] [-48   0   0   0   0] [-39   0   0   0   0] 
[-48  -1   0   0   0] [-48  -1   0   0   0] [-39   0  -1   0   1] 
[-40 -10  -5   0   6] [-40 -12  -7   0   7] [-25 -20 -11   0  12] 
[-26   0  -1  -1   1] [-17  -2  -2   0   1] [13 -3 -4 -1  2] 
[-26   0   0   0   0] [-9  0 -1  0  0] [32  0 -1  0  0] 
[-37   8   0   0  -1] [-27  15  -2   0   0] [10 24 -1  0  0] 
[-44   0   0   0   0] [-43  -2   0   0   0] [-20  -6   0   0   0] 
[-43   0   0   0   0] [-38  -1   1   0   0] [-9 -1  1  0  0] 
[-43  -1   0   0   0] [-37  -1   1   0   0] [-6 -3  1  1  0] 
[-40  -4  -2   1   4] [-33  -3  -2   1   5] [-1 -1  0  2  3] 
[-29  19   1   0   2] [-14  28  -1   0   1] [24 29 -3  1  1] 
[-42  -1   0   0   0] [-36  -1   0   0  -1] [-6 -2 -1  0 -2] 
[-38  -1   0   1   0] [-32  -2   0   1   0] [ 0 -2  0  2  1] 
[-36   1   1   0   0] [-29   1   1   1   0] [6 0 1 1 0] 
[-31  -4  -4  -1  -2] [-22  -5  -5  -1  -3] [13 -6 -7 -1 -2] 
[-26   0   3   0   1] [-16   0   3   0   2] [19  1  3  1  2] 
[-17  -5   1  -2  -3] [-9 -4  1 -1 -3] [25 -3  1 -1 -3] 
[-12   0   1   2  -1] [-4  0  2  2  0] [29  0  2  1  0] 
[-11   0   4   1   2] [-3 -1  3  1  2] [29 -1  2  0  2] 
[-9 -1  2 -1 -2] [ 0 -2  1 -1 -2] [31 -1  0 -1 -2] 
[-5 -3  2  2  1] [ 3 -2  3  2  1] [33 -2  2  1  1] 
[ 0 -1  8  3  0] [ 7 -1  6  2  0] [35  0  4  1  0] 
[ 0 -3 -2  2 -1] [ 7 -3 -1  1 -1] [32 -2  0  0  0] 
[ 5  2  7  0 -2] [11  2  6  0 -2] [35  1  5  0 -1] 
[ 6  0  5  0 -1] [9 1 5 0 0] [31  2  4  0  0] 
[ 2  9  0 -1 12] [7 5 1 0 9] [29 -1  3  0  4] 
[-11 -10 -16  -4  -2] [  0  -6 -14  -3  -1] [32  0 -5 -1  0] 
[ 7 -3 -5  0  0] [15 -2 -4 -1  0] [37 -1 -4 -1  0] 
[11  0  3  1  2] [18  0  3  0  0] [38  0  2  1  0] 
[11  3  2 -1 -3] [17  2  1 -1 -2] [38  2  1  0 -1] 
[18 -3  1 -1  0] [22 -3  1 -1  1] [41 -2  0  0  1] 
[-42  12   5   0   7] [-40  16   6   0   7] [-28  22   6   0   8] 
[-48   0   1   0   0] [-48   0   0   0   0] [-39   0   0   0   0] 
[-45  -3  -2   1   2] [-46  -3  -2   1   3] [-35  -5  -4   1   4] 
[-28  -5  -4  -1  -4] [-22  -9  -6  -1  -6] [  6 -14 -10  -1 -10] 
[-24  -1   0   0   0] [-13  -1  -1  -1  -1] [19 -2 -1 -1 -2] 
[-25   1   0   0  -1] [-8  0  1  0 -1] [34  1  1  0 -1] 
[-37   9   0   0   0] [-26  16   0   0   0] [11 25  0  0  0] 
[-44  -1   0   0   0] [-43  -3   0   0   0] [-20  -7   0   0   0] 
[-44   0   0   0   0] [-39   0   0   0   0] [-10  -1   0   0   0] 
[-43   0   0   0   1] [-38  -1   0   0   0] [-8 -3  0  0  0] 
[-35 -15   0   0   0] [-27 -18   0   0   1] [  4 -15   0  -1   1] 
[-28   9   0   0   2] [-10  16  -1   0   3] [32 16 -2  0  4] 
[-40   3  -1   0  -2] [-32   6  -3   0  -3] [ 4 11 -4  0 -4] 
[-39  -2   1   0   0] [-33  -2   1   0   0] [ 0 -4  3  0  1] 
[-32  -2  -1   0  -2] [-25  -3  -2   0  -2] [11 -5 -4  0 -2] 
[-31   0   1   1   1] [-22   1   2   1   2] [14  1  3  1  3] 
[-26  -2   0   0  -2] [-17  -1   1  -1  -2] [18 -1  0 -1 -4] 
[-22  -3   1   0  -5] [-14  -3   2   0  -4] [19 -3  2  0 -2] 
[-18   0   2  -1   1] [-9 -1  1  0  1] [25 -1  0  0  2] 
[-15   1   1   0  -1] [-6  1  1  0 -1] [28  0  1  0 -1] 
[-14   1   4   0   0] [-5  1  4  0  0] [28  1  3  1  1] 
[-14  -2   4   1  -1] [-6 -2  4  1 -1] [26 -2  3  0  0] 
[-8 -2  3  0  0] [ 0 -1  4  0  0] [30  0  2  0  0] 
[-5  1  5  0 -1] [ 2  1  5  0 -1] [30  2  3  0 -1] 
[-9  1  4 -2  1] [-3  1  4 -1  1] [24  2  3 -1  0] 
[-7 -2  0  2  4] [ 0 -2 -3  2  3] [26 -1 -5  2  3] 
[ 2 -3 -5 -1  0] [10 -3 -5 -1 -1] [34 -3 -5 -1 -2] 
[ 6 -1  3  0 -1] [13  0  3  0 -2] [36  0  3 -1 -2] 
[ 8 -1 -1  1  0] [14  0  0  1  0] [36  0  0  1  0] 
[12 -1 -1 -1 -1] [16 -1 -1  0 -1] [38 -1  0  0  0] 
[-13   8   9   1   3] [-4  8 10  1  3] [22  7  9  0  2] 
[-10   7  14   5  -4] [-4  9 15  4 -5] [19 12 16  2 -9] 
[-48   0   0   0   0] [-48   0   1   0   0] [-39   0   0   0   1] 
[-48  -1   0   0   0] [-48  -1   0   0   0] [-39  -1   0   0   0] 
[-35 -11  -5   0  -1] [-32 -16  -7   0   0] [-11 -27 -13   0   0] 
[-24  -1   0   0   0] [-14  -3  -1   0   0] [17 -3  0  0  1] 
[-24   0   0   0   0] [-12   1   1   0   0] [20  0  1 -1  0] 
[-26   1   0   0   0] [-8  1  0  0  0] [33  1  0  0  0] 
[-37   8  -1   0   0] [-25  16  -1   0   0] [12 25 -1  0 -1] 
[-44  -1   0   0   0] [-42  -3   0   0   0] [-20  -6   0   0   0] 
[-43   0   0   0   0] [-39   0   0   0   0] [-11  -1   0   0   0] 
[-43   0   0   0   0] [-38  -1   0   0   0] [-8 -2  0  0  0] 
[-33 -19  -2   0   2] [-25 -24  -1  -1   2] [  5 -24  -1  -1   1] 
[-25   8  -3  -1  -2] [-4 12 -5 -2 -1] [38 12 -5 -1  0] 
[-36   4  -2   0   0] [-24   7  -4  -1   0] [17 10 -7 -1  1] 
[-36  -6  -1   0  -2] [-29  -6  -1   0  -2] [ 6 -7 -2 -1 -3] 
[-32   0   0   0   2] [-26   0   1   0   3] [9 0 1 1 5] 
[-31   0   1  -1  -2] [-23   0   2  -1  -3] [14  0  2 -2 -5] 
[-30  -2   1   0  -1] [-22  -2   1   0   0] [12 -2  1  1  1] 
[-25  -1   2   0  -3] [-18   0   4  -1  -4] [16  3  5 -2 -7] 
[-23  -1   6  -2  -2] [-21   2  10   1  -2] [ 9  4 15  2 -3] 
[-20  -3   4   1   5] [-18  -5   6   2   7] [ 9 -7 10  4 10] 
[-20  -1   0   2   0] [-17  -1   8  -1   0] [11 -3 15 -4  0] 
[-20   0   3  -1   0] [-14   0   9  -3   0] [16  1 13 -5  0] 
[-20   2   7  -3  -2] [-17   3  14  -5  -2] [11  5 21 -8 -3] 
[-17  -2   1   0   2] [-11  -5   2   0   5] [17 -6  5  0  8] 
[-7 -7 -5  1  2] [ 2 -7 -5  0  1] [29 -7 -4  0  0] 
[ 1 -3 -3 -1 -2] [10 -1 -2 -1 -3] [34  0  0  0 -3] 
[ 4 -2 -3 -1  1] [11 -2 -2  0  1] [33 -1 -1  1  2] 
[10 -3 -1  0  0] [15 -2 -2  0  0] [37 -1 -2 -1  0] 
[12 -1 -1  0  1] [17  0  0  0  1] [38  1 -1 -1  0] 
[-6 22 18 -6 -3] [ 1 20 16 -6 -5] [24 18 13 -6 -7] 
[-30  -7   3   6  12] [-23  -6   6   6  12] [ 2 -5  9  6 11] 
[-27  28   6  -3  -1] [-24  31   7  -3  -2] [-7 40  9 -2 -3] 
[-48   0   0   0   0] [-48   0   0   0   0] [-39   0   0   0   0] 
[-44  -5  -3   0   3] [-45  -5  -4   1   4] [-33  -8  -6   1   7] 
[-26  -2  -2  -1   0] [-18  -4  -3  -1  -2] [12 -6 -5 -2 -4] 
[-23   1   0   0   0] [-12   0   0   0   0] [19  0 -1  0 -1] 
[-24   0   0   0   0] [-13   0   0   0   0] [18  0  1  0  0] 
[-25   0   1   0   0] [-8  0  0  0  0] [34  0  0 -1  0] 
[-36   9   0   0   0] [-24  17   0   0   0] [14 24 -1  0  1] 
[-44  -1   0   0   0] [-42  -3   0   0   0] [-21  -6   0   0   0] 
[-43   0   0   0   1] [-38  -1   0   0   0] [-11  -3   0   0   0] 
[-43   0   1   0   0] [-38  -1   0   0   0] [-8 -1  0  0  0] 
[-37 -13   4  -1  -5] [-30 -15   5  -1  -7] [ -1 -13   6  -1  -7] 
[-16  11  -3   0  -1] [ 7 13 -3 -1 -1] [48 10 -2 -1  0] 
[-35  -2  -2   2   1] [-24   1  -1   4   1] [15  4  1  5  1] 
[-36   0  -1   0   1] [-31  -1   0   0   0] [ 1 -1  0  2  2] 
[-33   1   1  -1  -1] [-26   1   1  -1  -3] [10  0  1 -2 -5] 
[-33   0   0  -1   0] [-27  -1   1   0   0] [8 0 0 0 0] 
[-31  -1   1   0  -1] [-24   1   2   0  -3] [10  1  2 -1 -5] 
[-30  -1   2   1  -1] [-29   3   4   1  -3] [ 0  8  8  1 -5] 
[-34   3   3  -5  -2] [-38   3   4  -4  -1] [-19   6   9  -6   0] 
[-30 -11   6   3  -1] [-37  -8   5   3  -2] [-24  -9   8   4  -3] 
[-31   3   4   1   6] [-38   2   3   1   4] [-26   2   3   1   5] 
[-40   4   2   1   1] [-44   2   1   1   1] [-33   3   2   1   1] 
[-37 -10 -10   2   4] [-35 -13 -13   1   6] [-19 -19 -20   3  10] 
[-11  -9  -5  -1  -6] [-2 -9 -7 -1 -6] [ 26 -10  -9  -2  -9] 
[ 2  2  2 -1 -1] [10  2  2  0  0] [34  2  3  0  1] 
[ 1 -1  2  0  1] [ 9 -1  2  0  0] [32  0  1  0  1] 
[ 6 -2  1  0  0] [12 -1  1  0  0] [34 -1  1  0 -1] 
[-3  6 17 -6 -6] [ 3  8 19 -7 -7] [ 25   9  19  -8 -10] 
[-30  10  13  13  11] [-24   9  14  14  11] [ 2  8 14 16 11] 
[-33  -6 -12   1   3] [-26  -7 -17   3   3] [  2  -7 -23   5   4] 
[-26   9  11  -2 -15] [-20  11  13  -4 -18] [  3  17  17  -6 -24] 
[-47   1   0   1   2] [-47   1   2   1   3] [-37   4   3   3   5] 
[-47  -1  -1   0   0] [-48  -1   0   0   0] [-38  -1   0   0   0] 
[-35 -12  -4   0  -1] [-32 -17  -5   0  -1] [-12 -30  -8   0  -1] 
[-23  -3  -1   0  -1] [-13  -4  -2   0  -1] [18 -4 -2  0 -1] 
[-23   0  -1   0  -1] [-12   1   0   0   0] [19  1  1  0  0] 
[-22   1  -1   0   0] [-13   1  -1   0   0] [17  0  0  0  0] 
[-25   1  -1   0   0] [-8  1 -1  0  0] [33  0 -1  0  0] 
[-36   9  -1   0   0] [-23  16   0   0   0] [15 23 -1  0  1] 
[-45  -1   0   0   0] [-43  -2   0   0   0] [-22  -7   0   0   1] 
[-44   0   0   0   0] [-39  -1   0   0   0] [-11  -2   1   0   1] 
[-44   0   0   0   0] [-38   0   0   0   0] [-8 -2  0  0  0] 
[-43  -1  -1   0   1] [-36   0  -1   0   1] [-5  3 -3 -1  2] 
[-15  -4   3  -1  11] [  3 -12   7  -2  13] [ 39 -19   9  -2  13] 
[-29   8  -1   0  -4] [-16  12  -3   0  -4] [20 15 -3  1 -5] 
[-33  -1   0  -1  -3] [-27  -1   1  -1  -4] [ 6 -2  0 -2 -7] 
[-34   0  -1   1   0] [-28   0   0   1  -1] [ 5 -1  0  1 -2] 
[-33   0   0   1  -2] [-28   0   1  -1  -1] [ 6  1  1 -2 -1] 
[-37   2   5   0  -1] [-36   4   9   1  -1] [-11  10  18   3  -2] 
[-41   3   3   1  -1] [-44   3   3   1   2] [-32   7   7   3   4] 
[-44   4  -2   2  -1] [-46   2  -1   1  -1] [-36   3  -1   2  -1] 
[-40   2   5   1   1] [-44   2   3   0   1] [-32   1   4   0  -1] 
[-33  -3   0  -2   4] [-40  -2   0  -1   3] [-30   0   1  -1   1] 
[-31  -9  -9   0   2] [-31 -14 -10  -1   3] [-16 -21 -14  -3   4] 
[-6 -8 -8 -2 -7] [ 3 -8 -8 -2 -8] [30 -7 -7 -1 -7] 
[-5  0  1  0 -1] [3 1 1 0 0] [27  1  2  0  0] 
[-7 -2  1  2  2] [ 1 -2  2  1  1] [25 -1  2  1  1] 
[-2  0  1  0  0] [ 5  0  1  0 -1] [30 -2 -1  1  2] 
[-25  18  10   9   0] [-19  22  12  10  -1] [ 6 27 10 12 -5] 
[-32  -5  -1  -1   0] [-33  -5  -1  -1   0] [-17  -5  -2  -1   0] 
[-23   0  -1   0   3] [-12  -8   1   1   4] [ 20 -18   4   0   6] 
[-31   7  16  -1  -4] [-22  13  21  -2  -6] [ 3 23 32 -4 -9] 
[-48   0   0   0   1] [-48   1   0   0   1] [-37   2   2   2   3] 
[-48   0   0   0   0] [-48   0   0   0   0] [-39   1   0   0   0] 
[-46  -2  -1   0   1] [-46  -2  -2   1   2] [-37  -3  -3   1   3] 
[-27  -5  -1   0   0] [-21  -9  -2   0  -1] [  4 -13  -2  -1  -2] 
[-21   0   0   0   0] [-9  0 -1  0 -1] [20  0  0  0  0] 
[-21   1   0   0   0] [-10   1   0   0   0] [20  1 -1  0  0] 
[-22   1   0   0   0] [-12   1  -1   0   0] [18  1 -1  0  0] 
[-25   1   0   0   0] [-7  0  0  0  0] [34  0  0 -1  0] 
[-34   9   0   0   0] [-22  16   0   0   0] [17 23  0 -1  0] 
[-45   0   0   0   0] [-44  -2   0   0   0] [-22  -7  -1   0   1] 
[-44   0   0   0   0] [-39  -1   0   0   0] [-10  -1  -1   0   0] 
[-44   0   0   0   0] [-38   0   0   0   0] [-8 -2  0  1  0] 
[-41  -1  -1   0   0] [-34  -1   0   0   0] [ 0 -1 -1  0  1] 
[-26 -25   1   0   0] [-15 -32   1   0   0] [ 16 -33   1   1  -2] 
[-25  16   1  -2  -2] [-10  25   2  -3  -3] [27 27  2 -4 -4] 
[-36   0   1   1  -1] [-31   0   1   0  -1] [ 2  0  1  1 -1] 
[-33  -1   3   2  -2] [-28   0   0   0  -1] [ 5 -1 -3 -1 -1] 
[-37   2   8   1   2] [-38   4   7   0   1] [-16  10  13  -3   1] 
[-42  -3   5   0   0] [-45  -1   2   0   0] [-34  -2   6   0   1] 
[-43   1  -2   0   1] [-46   1  -1   0   1] [-36   2  -2   0   1] 
[-39   4  -4   2   4] [-43   2  -3   1   2] [-33   2  -1   1   3] 
[-46  -1   3   2  -2] [-47  -1   2   1  -1] [-38  -1   3   2  -1] 
[-33  -9  -3   5   1] [-36  -6  -8   6   2] [-20  -6 -15   8   1] 
[-10  -5  -4   2  -1] [ -7 -12  -7   1  -3] [ 15 -18  -8   0  -4] 
[-9  4  3  0 -1] [-1  5  4  1 -2] [24  4  4  1 -2] 
[-10   3   2   0  -3] [-2  2  1  1 -1] [25 -1 -1  2  2] 
[-3 -6 -2  0  2] [ 5 -6 -4  0  1] [ 35  -8 -11   0   0] 
[ 4 -1 -4  0  0] [11 -1 -4  0  0] [45 -1 -4  0 -1] 
[-20  27  -5   1   0] [-12  28  -6   0   0] [23 29 -8 -1  3] 
[-42  -4   6   2  -2] [-42  -3   6   1  -2] [-26  -1   6   2  -3] 
[-32  14   0   0  -1] [-29  12   2   1  -2] [-7 10  5  0 -4] 
[-49   0   0   0   0] [-49  -1   0   0   0] [-40  -1  -1   0   1] 
[-47  -1   0   0   0] [-48   0   0   0   0] [-38   0   0   0   0] 
[-48  -1   0   0   1] [-49   0   0   0   0] [-39   0   0   0   1] 
[-39  -9  -3   0   1] [-37 -13  -5   0   2] [-22 -22  -7   0   4] 
[-25  -5  -1   0  -2] [-17  -8  -1   0  -3] [  8 -12  -1   0  -4] 
[-21   0   1  -1   0] [-9  0  2 -1  1] [20  0  1 -2  1] 
[-21   1   0   0   0] [-10   1   1   0   0] [20  0  1  0  0] 
[-22   1   1   0   0] [-11   1   0   0   0] [19  2  0  0  0] 
[-24   0   0   0   0] [-7  0  0  0  0] [34  0  0  1  0] 
[-33  10   0   0   0] [-21  16   0   0   0] [18 22  0  0  0] 
[-45   0   0   0   0] [-43  -2   0   0   0] [-21  -6   0   0   0] 
[-43   0   0   0   0] [-38  -1   0   0   0] [-9 -2  0  1  0] 
[-43  -1   0  -1   0] [-38  -1  -1   0   0] [-6 -2  0  0  0] 
[-39   0   0   0   0] [-32   0  -1  -1   0] [ 3 -2 -1 -1  0] 
[-34  -9   5   0  -8] [-26 -10   6   2 -10] [  8  -8   4   2 -10] 
[-31  16   0  -2   1] [-20  23   0  -2   3] [15 24 -1 -1  4] 
[-35  -2  -2   0  -1] [-29  -1  -1   0  -2] [ 5 -2 -2  0 -4] 
[-41   1   2   1   1] [-41   4   4   2   1] [-20  11  12   3  -1] 
[-45  -1   0   0   2] [-46  -1   1   0   2] [-36   0   3   1   4] 
[-47   1  -1   0   0] [-48   0   0   0   0] [-39   0  -1   0   0] 
[-43  -4   2   0   0] [-45  -2   1   0   0] [-36  -2   2   1   0] 
[-36  -2  -2  -3   1] [-41  -2  -1  -2   1] [-32  -2  -2  -2   0] 
[-37 -12  -7   0   2] [-32 -15 -10   1   1] [-11 -26 -18   1  -1] 
[-13  -4  -7  -1   0] [-5 -3 -7 -2 -3] [24 -1 -6 -2 -5] 
[-8 -5  2 -1  1] [ -3 -10   0  -2  -1] [ 18 -16  -1  -2  -2] 
[-16   2   5   0   1] [-7  1  3  0  1] [23 -3 -3  2  4] 
[-14  -6  -2   0  -1] [-3 -5 -2  0 -1] [36 -7 -4  0 -2] 
[ 2 -4 -1 -1 -1] [11 -4 -1 -1 -1] [48 -2 -1 -1  0] 
[ 8 -3  0  0  0] [17 -2  0  0  0] [51 -1 -1 -1  0] 
[-2 22 -7  0  4] [ 7 20 -6  0  4] [42 17 -5  0  4] 
[-47   2   0   0  -2] [-45   5  -1   1  -2] [-28  16  -4   1  -6] 
[-33   5   2   0   4] [-32   3   2   0   4] [-15   2   1   0   5] 
[-48  -1   0   0   0] [-48  -1   0   0   0] [-38  -1   0   0   0] 
[-47   1   0   0   0] [-47   1   0   0   0] [-37   1   0   0  -1] 
[-47  -2   0   1   1] [-48  -1  -1   0   0] [-38  -1  -1   0   0] 
[-31  -6  -3   0  -1] [-25 -10  -6   0  -2] [ -3 -16  -9   0  -5] 
[-23   0  -1  -1   0] [-12   1  -2  -1   0] [17  2 -3 -1 -1] 
[-24   0  -1   1   0] [-14   0  -3   1  -1] [13  0 -3  2 -1] 
[-24   0   1   1  -1] [-14   0   1   2  -1] [12  1  3  3 -3] 
[-23  -1   3   0   0] [-14   0   4   0   0] [12 -1  7 -1  0] 
[-23   0   0   0   0] [-7 -1  0  0  0] [35 -1 -1  0  1] 
[-33  10   0   0   0] [-20  16   0   0   0] [18 22 -1  0  1] 
[-45  -1   0   0   0] [-43  -2   0   0   0] [-21  -5   0   0   0] 
[-44   0   0   0   0] [-38  -1   0   0  -1] [-9 -2  1  0  0] 
[-43   0   0   0   1] [-37  -1   0   0   0] [-5 -2  1  0  1] 
[-40  -1   0   0   0] [-32  -2   0   0   0] [ 4 -3  0  0  0] 
[-37   2  -2  -1  -3] [-28   2  -2  -3  -5] [ 7  5  1 -4 -9] 
[-34  -9  -1  -2   4] [-29  -8   1  -1   7] [  0 -12   9  -1  12] 
[-36   4   5   2   6] [-37   7   5  -1   3] [-15  16   9  -4   0] 
[-40  -3  -2  -2   2] [-44  -2  -2  -1   2] [-36  -1  -2   0   1] 
[-45  -3   2  -1  -1] [-47  -2   1  -1  -1] [-38  -3   1  -2   0] 
[-46   2   2   1   2] [-47   1   1   0   1] [-39   2   2   1   1] 
[-41   0  -3   0   0] [-45   0  -2   0   0] [-35   0  -2   0   0] 
[-39  -7  -3   3   6] [-38 -11  -7   2   6] [-21 -20 -12   1  10] 
[-18  -4  -7  -1  -3] [-8 -5 -8 -1 -5] [22 -6 -7 -1 -8] 
[-7 -5  1 -2 -7] [ 0 -4  1 -1 -5] [25 -2  1  0 -1] 
[-24   5  10   5   3] [-17   5   9   6   1] [14  1  4  6 -2] 
[-26  -4  14  -4   0] [-19  -4  16  -6   0] [18 -5 23 -9 -1] 
[-14  -2   5  -3   2] [-3 -3  4 -4  3] [39 -5  5 -4  5] 
[-5 -6  4  0  1] [ 7 -5  4  0  1] [46 -2  2  0  1] 
[ 1 -2  6 -1 -2] [11 -1  5 -1 -1] [47 -1  3 -1 -1] 
[-9 13 21 -7 -1] [ 0 13 21 -9 -3] [ 34  15  22 -11  -7] 
[-46   4   0   0   2] [-43   8   2   0   3] [-23  21   4   1   5] 
[-35 -10   0   0   3] [-34 -12   0   0   4] [-17 -18   0   0   6] 
[-48  -2   0   0   1] [-47  -1   0   0   0] [-37   0   0   0   1] 
[-47   1   0   0   0] [-48   1   1   0   0] [-38   1   1   0   0] 
[-42  -8  -2   0   2] [-43 -10  -4   0   3] [-30 -15  -6   0   6] 
[-27  -3   0   0   0] [-17  -7  -1   0   1] [ 11 -10  -2   0   2] 
[-24   0   1   0   0] [-11   0   1   0   0] [19  2  1  0  0] 
[-23   0   1   0   0] [-11  -1   2   0   0] [17 -1  2  0 -1] 
[-24   1   0   0   1] [-12   2   0   0   1] [16  3 -1  0  1] 
[-25   0  -1   0   1] [-15   1  -2  -1   1] [10  2 -4 -1  1] 
[-23   0   0   0   0] [-6 -1 -1  0  0] [36 -1 -1  0  0] 
[-33  10   0   0   0] [-20  16   0   0   0] [20 20  0  0  1] 
[-45   0   0   0   0] [-43  -2   0   0   0] [-20  -6  -1   0   0] 
[-44   0   0   0   0] [-38  -1   0   0   0] [-8 -2  0  0  0] 
[-43  -1  -1   1   1] [-38   0   0   0   0] [-7 -1  2 -1  0] 
[-32   2  -7  -1  -8] [-22   0 -12   1  -8] [ 14  -3 -14   4  -6] 
[-32   4  -1  -4   0] [-23   9   1  -6  -1] [11 17  1 -9 -1] 
[-40   1   1  -1   2] [-40   2   4  -3   0] [-22   4  10  -6  -4] 
[-37  -4  -2  -2  -1] [-42  -1  -1  -1   0] [-32   0   1   0   1] 
[-38   4   1   0  -7] [-43   2   0   0  -4] [-34   2   1   0  -4] 
[-45   2  -2   0   0] [-47   1  -1   0   0] [-39   2  -1   0   0] 
[-42   3  -2  -2   5] [-45   1  -1  -1   3] [-37   1  -1   0   4] 
[-44  -3   0   2   3] [-45  -5  -2   2   5] [-33  -9  -6   4   9] 
[-20 -10  -8   0  -3] [-11 -13  -8  -1  -4] [ 18 -15  -9  -3  -7] 
[ -7  15   4  -5 -10] [-1 14  5 -5 -8] [24 12  6 -4 -6] 
[-38  10  14   5   9] [-34  10  18   6   8] [-10  10  27   5   2] 
[-40  -8   1   8   7] [-37  -7   6   9   6] [-15  -8  19  14   7] 
[-39   5  -3   6  -7] [-35   3   0   5  -6] [-10  -1   9   8  -4] 
[-33  -7   2   0  -3] [-24  -9   1  -1  -5] [ 18 -13  -1  -3  -6] 
[ -9 -16  -2   1   4] [  1 -14   0   1   4] [41 -9  1  0  2] 
[-27  19  15  -2   0] [-20  22  18  -2  -2] [10 30 28 -3 -8] 
[-42   3  -3   6  -2] [-40   3   0   7  -1] [-20   3   7  12  -1] 
[-48   1   1   1   1] [-47   2   3   1   3] [-31   7   9   3   6] 
[-36 -15   1   0   0] [-35 -17   0   0   0] [-18 -26   1   0   0] 
[-46   1  -1   0  -1] [-46   2   0   0  -1] [-34   5  -1   0  -1] 
[-48   0   0   0   0] [-48   0   0   0   0] [-38   0   0   0   0] 
[-37 -11  -3   1   0] [-34 -17  -3   0   0] [-15 -27  -6   1   0] 
[-25  -1  -1   0  -1] [-14  -3  -1   0  -2] [16 -6 -2  0 -3] 
[-26   0   0   0  -1] [-14   0   1   0   0] [18  0  0  0  1] 
[-26  -1   0   0   0] [-14   0   0   0   0] [17  1 -1 -1  0] 
[-25   0   0   0   1] [-14   0   1   0   0] [16  0  0  0  0] 
[-25   0   1   0  -1] [-15   1   1   0   0] [13  1  1 -1 -1] 
[-23   0  -1   0   0] [-5 -1  0  0  0] [38 -1 -1  0  0] 
[-33  11  -1   0  -1] [-18  16  -1   0   0] [22 19 -2  0  0] 
[-45  -1   0   0   0] [-41  -3  -1   0   0] [-15  -7  -3   0   0] 
[-42   0  -2   0   0] [-36   0  -2   0   0] [-4  1 -3  0 -1] 
[-39  -6  -7   4   7] [-36  -4  -5   4   7] [-13  -4  -2   7  12] 
[-20   3   5  -9  -4] [-13   1   9 -11  -6] [ 16   2  12 -11 -10] 
[-39   3  -1   4   5] [-39   6   6   4   6] [-23  13  16   9  12] 
[-40   2  -2  -2  -1] [-44   1  -1  -1  -1] [-35   1  -1  -1  -1] 
[-33  -8  -5  -1   0] [-40  -5  -3   0   0] [-32  -5  -3  -1   0] 
[-37  15  -5   0  -2] [-42  10  -3   0  -1] [-35   9  -4   0  -1] 
[-46  -2   3   1  -1] [-47  -1   2   0  -1] [-39  -2   2   0   0] 
[-48   1   0   0   0] [-49   0   0   0   0] [-40   1   0   0   0] 
[-32 -17  -7   0   1] [-28 -20 -11   0   2] [ -7 -28 -17   1   0] 
[ -6  -1   3  -4 -13] [  0   2   4  -4 -12] [26  4  3 -2 -8] 
[-30   7   3   4  12] [-23   7   3   3  12] [12  3 -4  2 11] 
[-36   1  -8   0  -2] [-31   2 -12  -1  -2] [  1   4 -24  -3  -3] 
[-25 -17   2  -9  -9] [-23 -16  -2  -9  -8] [  4 -15 -14 -11  -8] 
[-18  19   4  -3  14] [-13  16   2  -2  13] [22 12 -1 -5 11] 
[-36  -2  -1   0  -2] [-27  -3  -2   0  -2] [14 -7 -3 -1 -2] 
[ -2 -21  -2  -1   2] [  6 -19  -1   0   2] [ 42 -10   0   0   0] 
[-32   3  -8  -3  -3] [-29   5 -11  -2  -2] [ -1  10 -20  -3   2] 
[-35  11   6  -4   1] [-33  10   4  -4  -1] [-6 10  1 -5 -6] 
[-49   0  -1   0  -1] [-48   1  -1   0  -1] [-34   6  -4   0  -4] 
[-35 -20   0   0   1] [-34 -22   0   0   1] [-17 -29   0   0   0] 
[-44   5  -1   0  -1] [-45   4  -1   0  -2] [-32   9  -2   0  -2] 
[-47   0  -1   0   1] [-48  -1  -1   0   1] [-38  -1  -2   1   1] 
[-31  -6  -3   0  -2] [-24 -11  -4   0  -3] [  1 -17  -7   0  -4] 
[-25   0   0   0   0] [-13   1   0   0   0] [18  1  0  0 -1] 
[-25   0   0   0   0] [-14   0   0   0   0] [16  0  0  1 -1] 
[-26   0   0   0   0] [-14   0   0   0   0] [16  0  1  0 -1] 
[-26   1   0   0   0] [-15   1   1   0   0] [14  1  2  0 -1] 
[-28   0   1   0   0] [-19   1   2   0   0] [7 2 2 0 0] 
[-23  -1   1   0  -1] [-4 -2  0  0  0] [39 -3  0  0  0] 
[-31  11   0   0   0] [-16  16   0   0   0] [26 19 -1  0  0] 
[-44  -1   0   0   0] [-40  -3   0   0   0] [-13  -7   0   0  -1] 
[-34  -8  -9   4   3] [-31  -5  -4   3   1] [ 2 -2 -1  1 -1] 
[-27   6  -2  -2  -1] [-29   8   2   0   0] [-8 16  8  1 -3] 
[-42   1  -2  -1   3] [-45   1  -1   0   2] [-36   3   0   0   3] 
[-30  -8  -2   3  -6] [-38  -5  -1   2  -4] [-30  -4  -2   1  -4] 
[-40   6   6   0   5] [-44   3   4   0   3] [-37   4   4   0   2] 
[-28  -6   0  -3   1] [-36  -4   0  -1   1] [-29  -5  -2  -1   2] 
[-34  12   3   0   6] [-39   7   0   1   5] [-28   4  -3   3   7] 
[-48   0   0   0   0] [-49   0   0   0   0] [-41   0   0   0  -1] 
[-44  -6  -3   0   3] [-43  -9  -5  -1   4] [-28 -19  -9  -1   8] 
[-13 -10  -4  -4  -9] [ -5 -10  -4  -3  -9] [22 -7 -1 -2 -8] 
[-35   8  10   3  14] [-28   6  11   3  15] [ 3 -4  9  2 17] 
[-28  -6   1   0   0] [-19  -6   0   0   0] [24 -7 -1 -1  0] 
[-18  -2  -4  -2   2] [-8 -2 -5 -2  2] [34 -2 -6 -2  2] 
[-16  -1  -6  -1  -2] [-7 -1 -7 -2 -1] [34  1 -7 -2 -1] 
[-19   6   0   0  -1] [-10   6  -1   0  -1] [31  5 -3  0 -1] 
[-31   3  -1   0   0] [-22   3  -1   0  -1] [22  1 -2  0 -2] 
[  0 -33   1   0   3] [  5 -28   2   0   2] [ 41 -17   1   0   2] 
[-17  14  -2  -1   0] [-8 12 -3 -1  0] [28  8 -3 -1  0] 
[-36   3  -2   0   0] [-29   5  -3  -1   1] [10  8 -7 -2  1] 
[-47   3  -1   0   0] [-45   5  -1   0  -1] [-25  17  -2  -1  -1] 
[-37 -18   2   0  -2] [-35 -21   2   0  -1] [-18 -27   2   0  -3] 
[-42  11  -1   0  -2] [-42  11  -2   0  -2] [-28  19  -2   0  -3] 
[-44  -6  -2   0   2] [-43  -8  -3   0   4] [-31 -13  -5   0   6] 
[-27  -4   0   0   0] [-16  -6  -1   0   0] [ 13 -10  -2   0  -1] 
[-25   1   0   0   0] [-13   1   0   0   0] [17  1  1  0 -1] 
[-25   1   0  -1   0] [-14   0   0   0   0] [15  0  1  0  0] 
[-26   0   0   0   0] [-16   0   1   0   0] [12  2  1  0  0] 
[-28   1   1   0  -1] [-18   1   2   0   0] [ 8  3  1  0 -1] 
[-23  -5  -4   0   0] [ -8 -12 -10   0   2] [ 22 -17 -15   1   4] 
[-23  -1   1   0   0] [-6 -1  1  0  0] [36 -1  1  0 -1] 
[-32  10   0   0   1] [-17  14   0   0   1] [25 16  0 -1  1] 
[-42  -4  -2   1   1] [-40  -4  -1   1   1] [-14  -6   0   1   0] 
[-32  -4  -7   4  -3] [-32   0  -3   3  -1] [-4  6  2  1 -1] 
[-32   3  -2  -2   4] [-39   2  -2  -2   3] [-26   0  -3  -1   4] 
[-38   0  -1  -1   0] [-44   1   0  -1   0] [-35   1   0  -1  -1] 
[-29  13  -2   3   0] [-38   7  -1   2   0] [-31   6   1   2   0] 
[-48   1  -1   0  -1] [-48   0   0   0   0] [-41   1   0   0  -1] 
[-46  -1   1   1   0] [-46  -2   0   2   1] [-36  -6  -1   3   2] 
[-37  -9  -3   2  -2] [-36 -12  -3   2   0] [-19 -21  -6   3  -1] 
[-45   6  -3  -1  -3] [-43   8  -4  -2  -3] [-31  16  -8  -3  -7] 
[-27 -23  -9   1   4] [-22 -24 -10   0   2] [  1 -28 -13   0  -4] 
[-31  23  11  -2   5] [-27  27  13  -1   6] [-8 34 17  0  7] 
[-42  -6   1   0   0] [-36 -11   0   0   0] [ -2 -24   1  -1   0] 
[-31  -4   1   0  -1] [-21  -4   1   0  -1] [24 -5  1  0 -1] 
[-21  -4   3   0  -1] [-10  -5   3   1  -1] [36 -4  2  0 -1] 
[-16   2   4  -1   1] [-4  1  3 -1  1] [39  2  1 -1  1] 
[-25   7   2   0   0] [-13   7   3   0   0] [31  6  1  0 -1] 
[-33   3   3   1   1] [-24   3   2   0   1] [21  3  3  0  1] 
[ -8 -35   6   0  -2] [ -2 -29   5   0  -2] [ 37 -18   3   0   0] 
[-13  20  -2   1  -5] [-5 17 -1  1 -4] [32 11 -1  0 -2] 
[-34   6   1  -1   0] [-26   6   1   0   0] [14  8  2  0 -1] 
[-48   1   1   0   1] [-46   3   1   0   2] [-29  12   3   0   4] 
[-40 -13   2   0  -2] [-38 -14   2   0  -2] [-22 -18   3   0  -3] 
[-39  15  -1   0  -1] [-37  17  -2   0  -1] [-21  27  -2   0  -2] 
[-40 -11  -1   0   0] [-35 -17  -3   0   1] [-16 -28  -5  -1   2] 
[-26  -1   0   0  -1] [-13  -2  -1   0  -2] [18 -4 -2 -1 -2] 
[-26   1   0   0   0] [-14   1   0   0   0] [16  1  0  0  0] 
[-26   0   0   0   0] [-16   1   0   0   0] [13  2  1  0 -1] 
[-28   1   0   0   0] [-18   1   0   0  -1] [10  1  1  0  0] 
[-27  -4  -2   0   3] [-15  -9  -6   1   6] [ 13 -12  -7   1   9] 
[-18   1   0   0   0] [ 9 -1 -1 -1 -2] [48 -3 -2 -1 -3] 
[-23   0   0   0   0] [-6 -1  0  0  0] [36 -1  0  0  0] 
[-31  10   0   0   0] [-16  15  -1   0   0] [26 16 -1  0  0] 
[-40  -5   0   0  -4] [-39  -5   0   1  -2] [-13  -7   0   1  -3] 
[-33   3   5   1   2] [-35   5   4   0   1] [-12  12   3   0  -2] 
[-32   1  -1   0  -1] [-40   2   0   1   1] [-29   3   1   1   1] 
[-34   0   1  -1  -4] [-42   0   0   0  -2] [-34   0   1   0  -2] 
[-23   8  -1   2   4] [-34   4  -1   1   3] [-28   3  -1   1   2] 
[-47   1  -1   1  -1] [-48   0  -1   1  -1] [-40  -1  -3   1   0] 
[-44  -3   2  -2  -1] [-43  -5   2  -2  -1] [-31 -10   5  -4  -3] 
[-39   4   5   3  -5] [-37   5   8   2  -6] [-17  10  16   1  -9] 
[-38 -12 -11   2   9] [-35 -16 -14   2  11] [-20 -24 -17   2  15] 
[-27   6   6   3 -14] [-21   8   7   3 -15] [  3  13  11   4 -18] 
[-47  -4   0   0   1] [-47  -4  -1   0   1] [-35 -10   0   0   1] 
[-42  -4   0   0   0] [-37  -8   0   0  -1] [ -2 -19  -1   1  -1] 
[-34  -3   1   0   0] [-24  -3   1   0   0] [22 -5  1  0  0] 
[-27  -2   1   1   0] [-16  -3   1   1   0] [31 -3  1  1  0] 
[-24  -1   1   0   0] [-12  -2   2   0   0] [33  0  2  0  0] 
[-30   8   1   1   0] [-19   9   1   1   0] [24  9  2  2 -1] 
[-37   0   3  -3  -1] [-27   1   4  -5  -2] [15  3  7 -8 -5] 
[-24 -22   8  -1  -4] [-14 -20   7  -3  -3] [ 28 -17   6  -4   0] 
[-16  23   8   0   8] [-7 21  7 -1  6] [30 15  4 -1  3] 
[-39   8   3   0  -1] [-32  11   4   0  -2] [ 2 20  8 -1 -6] 
[-49  -1   0   0   0] [-48  -1   0   0   1] [-35  -3   1   1   2] 
[-45  -5   2   0  -2] [-45  -5   2   0  -2] [-30  -3   4   0  -4] 
[-33  19  -2   0   0] [-30  22  -2   0   0] [-11  32  -3  -1   1] 
[-34  -9  -2   0  -1] [-25 -14  -5   0  -2] [  1 -24  -7   0  -3] 
[-25   1   0   0   0] [-13   2   1   0   0] [18  1  1  0  0] 
[-26   0  -1   0   0] [-15   1   0   0   0] [14  0  1  0  0] 
[-26   1   0   0   0] [-16   1   1   0   0] [12  1  0  0  1] 
[-28   2   0   0   0] [-19   2   0   0   0] [8 3 0 0 0] 
[-21  -7  -2   0  -1] [  0 -17  -5   0  -3] [ 35 -23  -7  -1  -4] 
[-13  -5  -4   1   2] [14 -4 -3  0  1] [51 -1 -1  0  1] 
[-24  -1   0   0   0] [-7 -2  0  0  0] [35 -2  0  0  0] 
[-30   9  -1   0   0] [-15  14  -1   0   0] [27 16 -1 -1  0] 
[-45  -1   0   1   0] [-43  -2   0   0  -1] [-17  -3   1   0   0] 
[-37   4  -2   2  -3] [-37   7  -2   1  -2] [-14  18  -1   0  -3] 
[-35   1  -2   1   3] [-41   0  -1   1   2] [-31   1   0   2   3] 
[-36  -1   5  -1   5] [-43   0   3   0   4] [-35   0   3  -1   4] 
[-22  -2   2  -2   2] [-34  -2   2  -1   1] [-27  -2   1  -1   1] 
[-36  11  -6   1  -2] [-40   6  -3   0  -2] [-30   1  -4   0  -2] 
[-44   0   1   0  -3] [-44   4   1  -2  -1] [-32  10  -1  -6  -2] 
[-30  -5 -15   1   3] [-29  -6 -18   2   4] [-12  -8 -24   2   5] 
[-31 -11   5  -4  -6] [-26 -12   5  -4  -7] [ -3 -13   6  -5 -11] 
[-46   6   5   3   6] [-44   7   6   3   8] [-32  12  10   4  13] 
[-45  -5   0   0  -1] [-46  -6   0   0  -1] [-33  -9   0   0  -2] 
[-41  -2  -1   0   0] [-34  -5  -1   0   0] [  2 -14  -1   0   0] 
[-35  -3   0   0   0] [-25  -3   0   0   0] [21 -4  0  0  0] 
[-29  -1   2   0  -1] [-19  -1   2   0   0] [28 -1  1  1  0] 
[-26  -2   1  -1   0] [-15  -2   1  -1   0] [31 -1  1 -1  0] 
[-26   2  -1  -2   1] [-14   2  -1  -2   1] [29  3 -1 -2  1] 
[-25  -9 -11  -1   6] [-15  -8 -10  -1   5] [27 -6 -7 -1  3] 
[ -9  -9 -12  -4  -7] [ -1  -8 -13  -4  -6] [ 35  -5 -11  -4  -4] 
[-26   7   1   0   1] [-17   9   2   0   1] [22  9  2  0  1] 
[-45   7   3   0   2] [-42  11   3   0   3] [-21  26   8   0   5] 
[-48  -2   0   0   0] [-47  -2   0   0   0] [-34  -7  -1   0   0] 
[-48   1   0   0   0] [-48   1   0   0  -1] [-34   5  -1   0   0] 
[-31  10   0   1   5] [-28  11   0   1   7] [-8 13 -1  1 10] 
[-28  -4  -1   0   0] [-16  -5  -2   0  -1] [16 -4 -2 -1 -3] 
[-25   0   0   0   0] [-14   1   0   0   0] [16  1  1  0  0] 
[-26   1   1   0   0] [-16   1   1   1   0] [13  1  0  0  0] 
[-27   1   0   0   1] [-17   1   1   0   0] [11  0  0 -1  1] 
[-28   2   0   0   0] [-19   1   0   0   1] [ 8  0 -1  0  2] 
[-17  -5  -2   0   1] [ 9 -8 -3  0 -1] [47 -9 -3  1 -2] 
[-4 -2 -2  0 -2] [20 -1 -1  0 -2] [54  0 -1  0  0] 
[-23  -1  -1   0   0] [-6 -2 -1  0  0] [36 -3 -1  1  0] 
[-30   9   0   0   0] [-14  14   0   0   0] [28 15  0  1  0] 
[-40  -5  -2   0  -2] [-39  -4  -2   0  -1] [-14  -5  -2   0   0] 
[-35   5   0   2  -2] [-37   8   0   2   0] [-16  19   1   2  -1] 
[-39   7   3  -1   5] [-44   5   2   0   2] [-35   6   2   0   3] 
[-37  -8  -4   1   6] [-44  -4  -3   1   3] [-36  -5  -2   0   3] 
[-33   0  -1   3  -4] [-41   0   0   2  -2] [-33   0  -1   2  -2] 
[-27   8   2  -2   4] [-35   3   3  -1   1] [-24  -1   5   1  -2] 
[-22 -20 -18  -4   8] [-22 -20 -20  -3   7] [ -1 -21 -26  -2   2] 
[-25  13   4  -1   5] [-20  13   3  -1   4] [ 4 11  3 -1  2] 
[-44   7   4  -1   3] [-42   9   6  -2   3] [-28  16  10  -2   6] 
[-48   0   0   0   0] [-47   0   0   0   0] [-35   2   0  -1   0] 
[-46  -1   0   0   0] [-45  -1  -1   0   0] [-32  -1   0   0  -1] 
[-42  -1   2   0   1] [-36  -5   3   0   1] [ -5 -16   6   0   1] 
[-35  -1   1   0  -1] [-25  -1   1  -1   0] [19 -3  2 -1  0] 
[-32   0   1   0   1] [-21  -1   0   0   1] [26 -1  2  0  1] 
[-35   3   4   2  -3] [-24   4   5   2  -4] [20  6  7  3 -5] 
[-35  -1   8   0   1] [-26  -1  10   0   1] [18 -3 10  0  3] 
[-29  -6   9   9  -3] [-21  -5  13   7  -3] [21 -4 13  5 -3] 
[-20   5  15  14  -2] [-14   5  17  11  -2] [27  6 15  7 -2] 
[-35   6   6   2  -1] [-29   8   6   2  -2] [ 6 15 11  2 -7] 
[-49   0   0   0   0] [-49   0   0   0   1] [-38   1   2   1   2] 
[-48  -2   0   0   0] [-46  -2   0   0   0] [-32  -5   0   0  -1] 
[-47   1  -1   0   0] [-47   2  -1   0   0] [-32   5  -1   0   0] 
[-31  -4   0   1   3] [-26  -9  -1   0   4] [ -2 -18  -2   1   7] 
[-28  -3   0   0   0] [-14  -2  -1   0  -1] [18  1 -1  0 -1] 
[-25   0  -1   0   1] [-14   1   0   0   1] [14  1  0  0  1] 
[-25   1   0   0   0] [-16   1   0   0   0] [11  0  1  0 -1] 
[-27   0   0   0   0] [-17   0   0   0   0] [10  0  0  0  0] 
[-28  -1   0   0   0] [-18  -3  -1   0   1] [10 -6 -1  0  2] 
[ -7 -11  -5   0  -1] [18 -9 -4  0 -1] [53 -5 -2  0 -1] 
[ 0  0 -2  1  0] [23  0 -1  0  0] [55  0  0  0  0] 
[-22  -1   1   0   0] [-5 -2  0  0  1] [37 -2  0 -1  0] 
[-26   6   2  -4  -2] [-13  13   1  -2  -1] [27 16  0  0  0] 
[-37  -4   2   0   6] [-38  -3   2   0   5] [-14  -2   3   0   7] 
[-36   0   0   0   6] [-38   4   1   0   6] [-21  16   4   0   6] 
[-42  -3   0  -1   3] [-45   0   0  -1   1] [-37   1  -1  -1   1] 
[-25 -17  -2   0  -2] [-35 -12  -2   0  -1] [-29 -10  -1  -1   0] 
[-28   2  -1   2  -7] [-37   1  -1   1  -5] [-30   0   0   1  -4] 
[-24  -4  -6  -2  -6] [-32  -5  -4  -2  -3] [-21  -9  -5  -3  -1] 
[-22  -7   0   1  -6] [-16  -8   2   2  -1] [15 -5  6  3  7] 
[-38   8   6  -2  -4] [-32  14   6  -3  -7] [-12  25  10  -4 -11] 
[-49   0   0   0   0] [-49   0   0   0   0] [-40   0   0   0   0] 
[-49   0   0   0   0] [-48   0   1   0   0] [-37  -1   1   1   1] 
[-47   0   1   0   0] [-47   0   1   0   0] [-34   1   1   0   0] 
[-45  -1   1   0   0] [-43  -2   2   0  -1] [-21 -10   5   0  -3] 
[-40  -2   2   0   0] [-32  -3   4   0   1] [ 6 -6  8 -1  1] 
[-35  -2   1   0   0] [-25  -3   2   1   0] [19 -5  3  1  1] 
[-33   2  -1   0   1] [-21   2   0   0   2] [24  2  2  0  2] 
[-37   0  -2   1   0] [-26   0  -2   1   0] [20 -1  2  3 -3] 
[-28  -4   8   7  -2] [-20  -3   7   7  -2] [26 -2 12  4 -1] 
[-26   5   5   4   3] [-19   3   4   3   2] [22  7  6  2  4] 
[-46   6   4   0   4] [-43  10   6   0   6] [-24  24  13   1  10] 
[-49   0   0   0   0] [-49   0   0   0   0] [-38  -1  -1   0   0] 
[-47  -2   0   0   0] [-46  -2   0   0   0] [-31  -5   0   0   0] 
[-47   1   0   0   0] [-45   1  -1   0   0] [-30   3  -1   0   0] 
[-30 -10   0   0   0] [-24 -18   0   0   1] [  1 -31  -1   0   1] 
[-26  -1  -1   0  -1] [-14  -1   0   0   0] [15  2  2  0  0] 
[-25  -1   0   0   0] [-14   0   0   0   0] [14 -1  1  0  1] 
[-25   1   0   0   0] [-15   1   0   0   0] [11  3  1  0  0] 
[-27   2   0   1   0] [-18   1   1   0   0] [7 0 2 0 0] 
[-28  -3   0   0   1] [-18  -8   1   0   1] [  9 -12   3  -1   0] 
[ 3 -2 -3  0 -1] [27 -2 -2  0 -1] [58  0 -1  0  0] 
[ 4 -1 -1 -1 -2] [27  0 -1 -1 -1] [56  0 -1  0  0] 
[-23  -1   0   0   0] [-6 -2  1  0  0] [35 -3  1  0  0] 
[-29  10   0   0   1] [-14  13   0   0   0] [27 14  0  0  1] 
[-42  -7   3   1  -2] [-41  -4   1   1  -1] [-20  -3   2   1  -1] 
[-41  -1   2  -1   1] [-44   0   1   0   1] [-32   3   2  -1   3] 
[-44  -3   1   0  -1] [-47  -1   1   0   0] [-40  -2   1   0   0] 
[-28 -14   5   3  -4] [-37  -9   4   3  -3] [-30  -8   3   1  -2] 
[-20  -5   5  -3   7] [-32  -4   3  -2   5] [-27  -4   3  -1   4] 
[-22   2  -9   2  -2] [-31  -3  -6   1  -1] [-18 -13  -4  -3   1] 
[-33   1  13   3  -5] [-30  -4  16   4  -9] [-11  -6  21   5 -16] 
[-49   0   0   0   0] [-49   0   0   0   0] [-41   1   2   1   2] 
[-49  -1   0   0   1] [-48   0   0   0   0] [-39   0  -1   1   0] 
[-48   0   0  -1   0] [-48   0   0   0   0] [-39   1   0   0   0] 
[-48  -1   0   0   0] [-48   0   0   0   1] [-37  -1   1   0   1] 
[-48   0   1   0   0] [-47  -1   1   0   0] [-32  -3   3   1  -1] 
[-46  -2   3   1  -2] [-43  -3   5   1  -3] [-20  -7  12   1  -5] 
[-39  -4   3  -1   1] [-31  -6   5  -1   1] [  7 -11  10  -3   3] 
[-31  -2   0  -1   1] [-21  -3   1  -1   1] [22 -3  1 -2  2] 
[-23  -4  -2  -2   1] [-13  -4  -2  -3   1] [30 -4 -2 -3  1] 
[-19   1  -1  -2   0] [-9  2 -1 -2  0] [32  2  0 -1  0] 
[-34  13   3  -1  -2] [-26  16   4   0  -2] [ 6 26  8  1 -5] 
[-49   1   0   0   0] [-49   1   0   0   0] [-38   3   1   0   1] 
[-48   0   0   0   0] [-47  -1   0   0   0] [-36  -1   0   0  -1] 
[-45  -3  -1   0   0] [-44  -4  -1   0   0] [-28  -8  -1   0   0] 
[-46   1   0   0   0] [-44   0  -1   0   0] [-27   1  -1   0   1] 
[-30 -12   1  -1   0] [-24 -20   0   0   0] [  0 -31   1   1  -1] 
[-26  -1   3  -2   1] [-16  -2   3  -2   1] [10 -1  5 -3  0] 
[-25   0   0   0   0] [-15   0   1   0   1] [9 0 2 0 0] 
[-25   1   1   1   0] [-16   1   1   0   0] [ 9  2  2  0 -1] 
[-27   1   0   0   0] [-20   2   0   0   0] [ 2  2  1 -1  0] 
[-25 -10  -2   0   2] [-15 -17  -3   0   4] [  7 -22  -3   0   5] 
[ 5  6  2  0 -1] [29  5  1  0 -2] [59  3  1  0 -1] 
[ 1 -1  2 -2  0] [25  0  1 -1 -1] [56  0  0  0 -1] 
[-23  -1   0  -1   0] [-7 -2  1  0  0] [34 -2  0  0  0] 
[-28   5  -5   3   5] [-13  10  -3   2   4] [27 13 -2  3  3] 
[-36   1   0  -7  -4] [-34   3  -2  -7  -4] [-14   7  -2  -9  -6] 
[-45  -3   1   0   1] [-46  -1   1   0   1] [-37  -1   2  -1   2] 
[-44  -1  -1   1   2] [-47   0  -1   1   1] [-38   1  -1   1   1] 
[-30 -22   3  -1  -2] [-38 -14   2  -1  -2] [-32 -14   1  -1  -2] 
[-28   0  -3   3  -7] [-36   0  -3   2  -5] [-30   0  -2   1  -5] 
[-17  -1   3   0  -8] [-29   0   3   1  -7] [-23  -1   3   1  -6] 
[-23   5  -1  -3   5] [-30   2   1  -3   5] [-19   2   2  -3   7] 
[-42  10 -10   2  -8] [-44   8  -7   1  -6] [-37   9  -8   2  -8] 
[-48   1   0   0   0] [-48   1   0   0   0] [-36   4   0   0   0] 
[-49   0   0   0   0] [-48   1   0   0   0] [-39   2   0   0   0] 
[-49   0   0   0   0] [-48   0   0   0   0] [-39  -1   0   0  -1] 
[-48   0   0   0   0] [-47   1   0   0   0] [-35  -1   1   0   1] 
[-45  -3  -2   0   2] [-43  -5  -3  -1   4] [-22 -11  -5  -2   8] 
[-37  -2  -5  -4   0] [-31  -3  -8  -5  -1] [  2  -6 -16 -10  -3] 
[-33  -2  -3  -2  -1] [-25  -2  -4  -3  -1] [13 -4 -8 -6 -2] 
[-26  -2   3   0  -1] [-17  -2   1  -1  -2] [24 -2  1 -1 -3] 
[-22  -2   2  -1   4] [-12  -3   1  -1   4] [25 -1  1  0  4] 
[-15   2 -17  -7   7] [ -6   3 -22  -8   9] [ 23   9 -25  -8  12] 
[-30   9 -25   6  -4] [-26  10 -31   8  -5] [-10  15 -40  12  -7] 
[-47   3  -2   3  -4] [-46   3  -2   3  -4] [-36   4  -2   3  -5] 
[-45  -2   0   0   0] [-43  -3   1   0   0] [-28  -7   1   0  -1] 
[-45   1   0   0   0] [-44   0   1   0   0] [-27   0   1   0   0] 
[-33  -6   1   0   0] [-27 -11   0   1  -1] [ -3 -18   0   1  -2] 
[-37   1  -2   3  -2] [-29   1  -3   4  -2] [-4  0 -5  3 -3] 
[-36  -1   4   3  -2] [-30   0   5   3  -3] [-6  2  6  3 -3] 
[-34  -1   8   0   1] [-28  -1  11   0   0] [-6 -2 11  0  0] 
[-32  -1   6  -2   1] [-27   0   8  -3   2] [-7  2  8 -2  3] 
[-22 -19   3  -3   0] [ -9 -31   2  -3   1] [ 15 -40   1  -3   2] 
[-5 -1  4  1  3] [20  1  4  1  2] [54  2  2  0  1] 
[-10   7   4   0  -2] [12  9  6 -1 -4] [46  7  7 -1 -4] 
[-24  -1   0   0   0] [-8 -2  0  1  0] [34 -2  0  0  0] 
[-27   6   0   3   4] [-13  10   0   2   2] [27 12 -1  1  0] 
[-37   9  -3   0  -9] [-36  11  -3  -1 -11] [-18  19  -2  -2 -14] 
[-46  -4   0  -1   0] [-47  -3   0  -1   0] [-41  -5   0   0   0] 
[-37  -2  -2  -5  -2] [-41  -1  -2  -3  -1] [-32  -1  -4  -3  -1] 
[-39   0  -1   2   1] [-43  -1  -1   1   1] [-35   1  -2   1   3] 
[-29  -2   7  -2   2] [-37  -1   5  -1   1] [-29  -1   5  -2   1] 
[-28  -5   4   0   3] [-37  -3   4   0   3] [-30  -3   3   0   3] 
[-15   1  -4   3  -1] [-26  -2  -3   2  -2] [-18  -5  -1   2  -5] 
[-31  -1  -3  -1   5] [-35   0  -3   0   3] [-25   0  -2   0   6] 
[-48   1  -1   1  -2] [-47   2   0   1  -2] [-38   5   0   1  -1] 
[-49   1   0   0   0] [-48   1   0   0   0] [-38   5   0   0   0] 
[-49   0   0   0   1] [-48   0   0   0   1] [-39   0   0   0   1] 
[-48  -1  -1   0   1] [-46  -3  -1   0   2] [-31  -8  -4   0   4] 
[-44  -6   1   0   0] [-42  -8   1   0   0] [-22 -18   0   1  -2] 
[-36  -2   0   1   0] [-28  -3   0   0   0] [10 -4  0  0 -1] 
[-32  -1  -1   0   0] [-22  -2  -1   0   0] [19 -4 -3  0 -1] 
[-30  -1   0   0   1] [-19  -1  -1   0   1] [23 -1 -2  0  0] 
[-22  -6  -1   0  -1] [-10  -6  -1   0  -2] [30 -5 -2 -1 -1] 
[-8 -3  4  0  0] [ 5 -3  4  0  0] [41 -2  2  0  1] 
[-2 -3  3  0  2] [12 -3  2  0  1] [47 -2  0  0  1] 
[ -1   8 -13  -6  13] [  9  12 -17  -7  15] [ 35  19 -24  -9  19] 
[-38  13 -13   5 -15] [-35  15 -14   6 -17] [-21  15 -16   8 -20] 
[-47   1   1   0   0] [-46   0   1   0   0] [-30  -1   2   0   0] 
[-31  -7   0   0   0] [-23 -11  -1  -1  -1] [  2 -16  -1   0  -1] 
[-28   1  -1  -1   0] [-18   2  -2  -1   0] [ 7  1 -2 -1  0] 
[-31   2  -3   0   1] [-23   2  -3  -1   0] [ 1  3 -3 -1  0] 
[-35   2  -5  -1   0] [-30   3  -6  -1   0] [-8  5 -6 -1  0] 
[-40   0  -3   0  -3] [-31  -5  -5   0  -2] [ -6 -12  -8  -2  -1] 
[-25 -23  -5   1   1] [ -9 -33  -9   1  -1] [ 21 -37 -12   1  -5] 
[-7  2  1 -1 -3] [17  4  1 -1 -3] [50  4  2 -1 -2] 
[-36  14   8   2   3] [-25  25  13   4   4] [ 1 34 19  7  2] 
[-23  -1   0  -1   0] [-6 -3  0  0  0] [35 -3  0 -1  0] 
[-26   3   2   0  -4] [-11   7   1   0  -2] [30  9  1  0 -1] 
[-39  14   4   2   2] [-38  16   3   2   3] [-23  28   4   3   1] 
[-47  -1   2   0  -1] [-48  -1   1   0  -1] [-41  -2   2   1  -1] 
[-44  -6  -1   1   3] [-46  -3  -1   0   2] [-40  -4   1   1   3] 
[-44   4   0  -1  -2] [-46   3  -1  -1  -1] [-39   5  -1  -1  -1] 
[-39  -3   1   0  -1] [-44  -1   0   0  -1] [-37  -1  -1   0  -1] 
[-31  -7  -3   1  -2] [-40  -4  -2   1  -1] [-32  -4  -3   1  -1] 
[-20  -9   2   1   5] [-30  -8   2   1   4] [-23  -6   2   0   4] 
[-26  12   0  -4  -4] [-31   8   1  -4  -3] [-20   6   3  -5  -4] 
[-37  20  -4   1  -4] [-38  18  -4   0  -3] [-29  22  -5   0  -3] 
[-48   1   0   0   0] [-48   2   0   0   0] [-37   5  -1   0   0] 
[-48   0   0   0   0] [-48   0   0   0   0] [-38   0   0   0  -1] 
[-46  -4   0  -1   0] [-42  -9  -1   0   1] [-20 -23  -3   0   2] 
[-44  -3   0   0  -1] [-41  -2   0   0  -1] [-17  -2  -1   1  -3] 
[-35  -3   0  -1  -1] [-26  -3  -1  -1  -1] [16 -6 -4 -1 -1] 
[-32  -1   1   0   0] [-21  -2   0   0   0] [23 -1  0  1  0] 
[-30  -2   0   0   0] [-18  -2   0   0   0] [26 -2 -1  0  0] 
[-24  -3   2   0  -1] [-11  -3   2   0   0] [31 -2  1  1  0] 
[-16  -3   2   1   0] [-2 -3  2  0  0] [37 -2  1  0  1] 
[-7 -5  0  0 -1] [ 7 -6  1  0  0] [44 -4  1  0  0] 
[ 6 -6  0  1  0] [19 -4  0  1  0] [52 -1  0  0  0] 
[  7  15 -13  -3  14] [ 14  18 -15  -3  16] [ 39  24 -18  -4  19] 
[-46   4  -3   1  -4] [-45   4  -3   2  -5] [-32   5  -2   2  -6] 
[-30  -4  -1   1  -1] [-20  -6  -2   0  -2] [ 6 -7 -2  1 -2] 
[-28   1   0   0   0] [-17   1   0   0   0] [10  1 -1  0  0] 
[-28   1   0   0   0] [-20   1   0   0   0] [4 2 1 0 0] 
[-31   1   0   0   0] [-23   2   0   0   0] [-1  4 -1 -1  0] 
[-33  -3  -5   2   6] [-19 -10  -8   3   7] [ 12 -18 -11   3   6] 
[-11 -16  -6   1  -6] [ 12 -19  -8   1  -7] [ 45 -16  -7   1  -8] 
[-16  17   7  -1  -4] [ 7 20  8 -1 -6] [40 19  6 -2 -6] 
[-45   0   0   0   1] [-41   1   0   1   2] [-16   2  -1   2   4] 
[-23  -1   0   0   0] [-5 -3  0  0  0] [36 -3  0  0  0] 
[-29   8   0   0   1] [-12  11  -1   0   1] [30 10  0  0  0] 
[-42   9   1   0   2] [-42  11   1  -1   1] [-29  21   2  -1   2] 
[-48   0   0   0   1] [-49   0   0   0   0] [-43   0   1   0   0] 
[-38 -13   0  -1  -4] [-42  -9   0  -1  -2] [-35 -11  -2  -1  -1] 
[-46   0   0   0   1] [-47   1   1   0   1] [-40   0   1   0   2] 
[-46  -2   1   1   0] [-48  -1   0   1   0] [-41  -1   1   1   0] 
[-34 -11   4  -1   2] [-41  -7   2  -1   1] [-33  -7   2  -1   2] 
[-21 -13  -3   3  -2] [-30 -12  -2   2  -1] [-24 -11  -2   3  -1] 
[-20   4  -9  -2  11] [-27   2  -7  -1  10] [-19   3  -8   0   9] 
[-37  18   6  -3   7] [-38  14   4  -3   6] [-29  14   4  -2   8] 
[-48   1   0   0   1] [-48   1   1   0   1] [-36   3   1  -1   2] 
[-48   0   0   0   0] [-48   0   0   0   0] [-37  -1  -1   1   1] 
[-42  -4  -3   0   0] [-36  -8  -5   0  -1] [ -4 -20 -10   0  -3] 
[-43  -2   0   0   0] [-38   0  -1   0   1] [-11   2  -3  -1   2] 
[-34  -2  -1   0   0] [-23  -2  -1   0   0] [21 -3 -1 -1  0] 
[-33   1   0   0   0] [-21   0  -1   0  -1] [24  1  0  0 -1] 
[-32  -1   1   0   0] [-19  -2   1   0   0] [26 -2  0  1  0] 
[-27  -3   0   0   0] [-14  -3   0   0   0] [29 -3  0  0  0] 
[-20  -2   1   0   0] [-7 -3  2  0  0] [35 -2  1 -1  0] 
[-9 -6  1  0  1] [ 4 -6  1  0  1] [42 -4  1 -1  0] 
[ 7 -6  1  0  0] [18 -5  1  0  0] [51 -3  2  0  1] 
[17 -1  1  0 -1] [25 -1  1  0  0] [54  0  0  0  0] 
[-26  34  -9  -1  -5] [-22  38 -11   0  -5] [ -4  46 -14   0  -5] 
[-28  -3   0   0   1] [-17  -2   0   0   0] [12  2  0 -1 -1] 
[-28   1   0   0   0] [-18   1   1   0   0] [8 2 2 0 0] 
[-29   1   0   0   0] [-21   1  -1   0   1] [ 3  2 -1  0  0] 
[-32   2   0   0  -1] [-24   2   0   0   0] [-1  0 -1  0  2] 
[-10 -14  -1  -3  -4] [ 11 -21  -4  -3  -5] [ 43 -22  -4  -2  -5] 
[-3  0  1 -1 -4] [22 -1  1 -1 -2] [55  1  1 -1 -1] 
[-34  15   6   0   5] [-18  25   8   0   6] [17 29  7  0  5] 
[-44  -2  -1   0  -1] [-37  -3  -2   0   0] [-9 -5 -3 -1 -1] 
[-24  -1   0   0   0] [-7 -3  0 -1  1] [34 -2  0 -1  1] 
[-27   4   0   0   0] [-12   9  -1  -1   0] [27  9 -3 -1  0] 
[-42  11   0   1   0] [-43  11  -1   1  -1] [-30  23  -2   1  -2] 
[-48  -1  -1   1   1] [-48  -1   0   0   1] [-42  -2  -1   2   2] 
[-45  -2   2   0  -1] [-47  -1   1   1  -1] [-40  -2   2   1  -1] 
[-47   1   1   0   0] [-48   1   1   0   0] [-42   2   1   0   0] 
[-46  -1  -1   1  -1] [-48   0   0   0  -1] [-42   0   0   0  -1] 
[-39   1  -3  -1   2] [-44   1  -2   0   1] [-37   2  -1   0   1] 
[-20  -3   0   5  -4] [-30  -2   0   4  -4] [-24  -3   1   3  -3] 
[-31   7  -3   3   1] [-37   3   0   2   0] [-28   3   1   3   0] 
[-42   3   7   7  -1] [-42   3   8   6   0] [-30   3  11   8   1] 
[-45   3   4  -1   3] [-44   3   4  -2   2] [-31   4   5  -3   3] 
[-47  -2  -1   0   1] [-46  -4  -2   0   2] [-29 -14  -5   0   5] 
[-40  -2   0  -1  -2] [-30  -3   0  -1  -2] [ 9 -7  0 -1 -2] 
[-41  -5  -1   0   1] [-35  -8  -1   0   3] [ -6 -17  -1   0   7] 
[-34  -1  -1   1  -1] [-22  -2  -1   0   0] [23 -2 -2  0  0] 
[-34   1   0   0   0] [-21   1   0   0   0] [25  1  0  0  0] 
[-34  -1   1   0  -1] [-21  -1   1   0  -1] [24 -2  0  0 -1] 
[-29  -2   1   1   0] [-16  -2   1   0   0] [28 -1  1  0  0] 
[-24  -3   1   0   0] [-10  -3   1   0   0] [32 -2  1  0 -1] 
[-14  -6   2   0   0] [-1 -6  2  0  0] [38 -4  1  0  0] 
[ 3 -6  2 -1  1] [14 -5  2  0  0] [47 -3  2  0  0] 
[14 -2  0  0  1] [23 -2  0  0  1] [53 -1  0  0  1] 
[-5 33 -8  0  5] [ 2 34 -9  0  7] [ 30  36 -12   0   9] 
[-29  -2   4  -2  -1] [-19  -1   5  -3  -2] [ 6  4  6 -2 -2] 
[-27   0   0  -1   1] [-18   0   0  -1   1] [ 5  0  1 -1  1] 
[-28   1  -1   0   0] [-20   1  -1   0  -1] [ 4  1 -1  1  0] 
[-31   3  -1   0   0] [-22   0  -2   1   0] [ 4 -5 -3  1  1] 
[-23  -8  10   2   0] [ -1 -12  15   0   0] [ 36 -13  15  -2  -1] 
[-10  14   3   0  -4] [16 13  3  0 -5] [50 10  2  0 -3] 
[-43   3   1   0   1] [-33   7   4   0   1] [ 1 12  6  0  1] 
[-45   0   0   0  -1] [-40   1   2   0  -1] [-13   2   5   1  -4] 
[-25  -3   0   0   1] [-8 -4  1  0  1] [33 -5  2  0  1] 
[-28   7   0   0   0] [-11   9  -1   0   0] [30  8 -1  0  1] 
[-41   9   0   1   1] [-42  11   1   0   2] [-26  24   2   1   3] 
[-48   1   0   1   0] [-48   0   1   1   0] [-43   0   1   1  -1] 
[-47  -1   0   0  -1] [-48   0   0   0  -1] [-41  -1   0   0  -2] 
[-47   1   0   0   0] [-48   0   0   0   0] [-41   0   0   0   0] 
[-46  -3   2   1  -1] [-47  -1   1   1   0] [-41  -2   2   1  -1] 
[-34 -13  -3  -4   2] [-40  -8  -2  -3   1] [-34  -8  -2  -2   2] 
[-34   0  -5   7 -12] [-40   0  -3   5  -9] [-33  -1  -3   5  -7] 
[-35  -6   9   2 -13] [-39  -6   6   1 -10] [-30  -6   4   0 -10] 
[-48   1   1   1   1] [-48   1   1   1   1] [-39   2   2   1   1] 
[-49   0   0   0   0] [-49   0   0   0   0] [-40  -1   0   1   2] 
[-44  -4  -2   0   0] [-39  -8  -4   0  -1] [-11 -20  -9   0  -3] 
[-43   4   2   0  -1] [-35   7   4   0  -3] [-2 15 10  0 -7] 
[-38  -6  -2   0  -2] [-29 -10  -4   0  -3] [  7 -22  -9   1  -7] 
[-32  -1   0   0   0] [-21  -2   1   0   0] [25 -3  0  0  0] 
[-32   1   0   0   0] [-19   0   0   0   0] [27  0 -1  0  0] 
[-34   0   0   0  -1] [-21   0   0   0   0] [25  1  0  0 -1] 
[-32  -1   1   0   0] [-18  -2   1   0   0] [27 -1  1  0  0] 
[-27  -2   1   0   0] [-13  -2   1   0   0] [30 -1  1  0  0] 
[-19  -4   2   0  -1] [-6 -4  2  0  0] [35 -3  1  0  0] 
[-3 -7  3  0  0] [ 8 -6  2  0  0] [43 -4  2  0  0] 
[13 -4  1  0  1] [21 -3  1  0  0] [52 -2  2  0  0] 
[14  7 -5 -1  6] [21  6 -4 -1  6] [50  6 -4  0  5] 
[-43   2  -1   3  -2] [-39   3  -1   5  -1] [-19   7   0   6  -1] 
[-42  -1   6   3  -2] [-39  -1   7   4  -3] [-20  -1  10   5  -4] 
[-39  -2  11   0  -1] [-35  -2  14   1  -1] [-17  -2  20   1  -1] 
[-32  -4   4  -1   6] [-21 -12   6  -2   9] [  6 -19   8  -3  11] 
[-25 -14  -5   0   0] [ -4 -16  -9   1  -2] [ 30 -15  -9   2  -2] 
[-25  22   9   0   2] [-4 32 12 -1 -2] [31 32 14 -2 -7] 
[-46   0   1   0   1] [-42   1   3   0   2] [-20   2   9   0   5] 
[-44  -2  -1   0   0] [-41  -2   0   0   1] [-20  -1   0   0   2] 
[-26  -4   0   0   0] [-9 -6  0  0  0] [31 -6  0 -1  0] 
[-28   8   0   0   0] [-12  12   0   0  -2] [28 13  2  0 -3] 
[-43   7  -1   0  -1] [-44   7   0  -1  -1] [-31  16  -1  -1  -2] 
[-48   0   0   0   0] [-49   0   0   0   0] [-43   0   1  -1  -1] 
[-48   0   1   1  -1] [-49   0   0   0   0] [-43   0   1   0   0] 
[-46   0   0   0   0] [-48   0   0   0   0] [-41  -1   1  -1   0] 
[-47   0  -1   1   1] [-48   0  -1   0   0] [-42   0  -1   1   0] 
[-44  -2   1   2  -3] [-46  -1   1   1  -2] [-39  -1   0   1  -2] 
[-24  -2   9  -2   6] [-33  -1   7  -2   5] [-25  -3   6  -1   4] 
[-42  12   0  -2  -1] [-44   8   0  -1  -1] [-35  10   2  -2   0] 
[-49   0   0   0   0] [-49   0   0   0   0] [-43   0   1   0   0] 
[-48  -2  -1   0   0] [-45  -4  -3   1   1] [-29 -14  -9   0   3] 
[-44   0   2  -1  -2] [-35   1   3  -2  -5] [ -3   4   9  -6 -12] 
[-44  -3  -2   1   2] [-37  -6  -4   2   4] [ -9 -14  -9   4  11] 
[-35  -1   0   0   0] [-22  -2   0   0   0] [22 -3 -1  0  0] 
[-33   0   0   0   0] [-21  -1   0   0   0] [24 -2  0  0  0] 
[-32  -1   0   0   0] [-19  -1   0   0   0] [28  0 -1  0  0] 
[-33   1  -1   0   0] [-20   1  -1   0   0] [27  1  0  0  0] 
[-33   0   0   0   0] [-20  -1   0   0   0] [25  0  0  0  0] 
[-30  -2   1   0   0] [-16  -3   1   1   0] [28 -2  1  0  0] 
[-24  -3   2   0   0] [-10  -4   1   0   0] [32 -2  1  0  0] 
[-12  -6   4   0  -1] [ 1 -6  4  0 -1] [39 -4  2  0  0] 
[ 8 -7  2 -1  0] [17 -5  2  0  1] [48 -3  2 -1  0] 
[17 -1 -1  1  1] [23  0  0  0  0] [52  0  1  0  0] 
[-26  27  -7   0  -7] [-21  29  -6   0  -7] [ 1 33 -7  0 -9] 
[-42   3  -2   0   0] [-38   3  -2  -1   1] [-19   5  -2  -1   2] 
[-46   2  -3   0   0] [-45   2  -4   1   0] [-30   4  -5   0   1] 
[-34 -21  -2   1  -1] [-23 -36   0   2  -3] [  1 -49  -3   1  -6] 
[-26   4   7  -2 -11] [ -3  10  12  -4 -16] [ 32  11  14  -7 -19] 
[-45   5   4   2   5] [-40  12  10   4  11] [-20  20  18   6  17] 
[-45  -3  -2   1   1] [-44  -3  -2   0   1] [-27  -4  -2   1   2] 
[-43   2   2   0   1] [-43   2   2   0   1] [-26   4   5   0   1] 
